 chi_2 and hardness_2, chi_var_1, chi_var_2
 -2.562107E-02 -2.562107E-02 -5.675425E-02 -5.675425E-02  0.000000E+00  0.000000E+00  0.000000E+00  0.000000E+00  1.387779E-17  3.141718E-17
         qat_1         qat_2         q_tot         q_inp
  3.789453E-01  5.601577E-01  9.391030E-01  9.391030E-01
  3.789453E-01  5.601577E-01  9.391030E-01  9.391030E-01
 -9.235037E-01 -1.559932E-02 -9.391030E-01 -9.391030E-01
 -9.235037E-01 -1.559932E-02 -9.391030E-01 -9.391030E-01
 ______________________________________________________________
 chi_from cent_1
 -3.633463E-01 -3.633463E-01  1.299893E-01  1.299893E-01
