 chi_2 and hardness_2, chi_var_1, chi_var_2
 -2.245193E-02 -2.245193E-02 -3.446408E-02 -3.446406E-02  0.000000E+00  0.000000E+00  0.000000E+00  0.000000E+00  4.163336E-17  1.294072E-08
         qat_1         qat_2         q_tot         q_inp
  3.418638E-01  4.932032E-01  8.350670E-01  8.350670E-01
  3.418638E-01  4.932032E-01  8.350670E-01  8.350670E-01
 -8.741327E-01  3.906574E-02 -8.350670E-01 -8.350670E-01
 -8.741326E-01  3.906457E-02 -8.350680E-01 -8.350680E-01
 ______________________________________________________________
 chi_from cent_1
 -3.111450E-01 -3.111450E-01  1.232953E-01  1.232956E-01
