      2250  1  3.057750E-03  3.057750E-03  1.086950E-02  1.086950E-02  4.057654E-03  4.057649E-03  8.946367E-03  8.946363E-03  0.000000E+00
      2250  2  3.110510E-03  3.110510E-03  1.081352E-02  1.081352E-02  1.903229E-03  1.903224E-03  1.204072E-02  1.204071E-02  0.000000E+00
      2250  3  2.170077E-03  2.170077E-03  1.191264E-02  1.191264E-02 -4.773559E-03 -4.773559E-03  1.860145E-02  1.860145E-02  0.000000E+00
      2250  4 -1.658387E-03 -1.658387E-03  1.612090E-02  1.612090E-02 -8.759801E-03 -8.759801E-03  2.222138E-02  2.222138E-02  0.000000E+00
      2250  5 -6.163779E-03 -6.163779E-03  2.067410E-02  2.067410E-02 -1.148252E-02 -1.148252E-02  2.490627E-02  2.490627E-02  0.000000E+00
      2250  6 -1.097946E-02 -1.097946E-02  2.523410E-02  2.523410E-02 -1.326681E-02 -1.326681E-02  2.695398E-02  2.695398E-02  0.000000E+00
      2250  7 -1.596014E-02 -1.596014E-02  2.972723E-02  2.972723E-02 -1.441339E-02 -1.441340E-02  2.859745E-02  2.859745E-02  0.000000E+00
      2250  8 -2.106375E-02 -2.106375E-02  3.416419E-02  3.416419E-02 -1.511582E-02 -1.511583E-02  2.998031E-02  2.998031E-02  0.000000E+00
      2250  9 -2.628552E-02 -2.628552E-02  3.857466E-02  3.857466E-02 -1.548828E-02 -1.548828E-02  3.118763E-02  3.118763E-02  0.000000E+00
      2250 10 -3.163494E-02 -3.163494E-02  4.298796E-02  4.298796E-02 -1.559684E-02 -1.559684E-02  3.226674E-02  3.226674E-02  0.000000E+00
      2250 11 -3.712236E-02 -3.712236E-02  4.742891E-02  4.742891E-02 -1.548531E-02 -1.548531E-02  3.325626E-02  3.325626E-02  0.000000E+00
      2250 12 -4.280488E-02 -4.280488E-02  5.195490E-02  5.195490E-02 -1.541634E-02 -1.541635E-02  3.375193E-02  3.375193E-02  0.000000E+00
      2250 13 -4.855962E-02 -4.855962E-02  5.647824E-02  5.647824E-02 -1.472878E-02 -1.472877E-02  3.500086E-02  3.500086E-02  0.000000E+00
      2250 14 -5.453123E-02 -5.453123E-02  6.111943E-02  6.111943E-02 -1.411698E-02 -1.411698E-02  3.579131E-02  3.579131E-02  0.000000E+00
      2250 15 -6.068721E-02 -6.068721E-02  6.585897E-02  6.585897E-02 -1.336591E-02 -1.336591E-02  3.653666E-02  3.653666E-02  0.000000E+00
      2250 16 -6.704336E-02 -6.704336E-02  7.071329E-02  7.071329E-02 -1.252318E-02 -1.252318E-02  3.721644E-02  3.721644E-02  0.000000E+00
      2250 17  3.005246E-03  3.005246E-03  1.092519E-02  1.092519E-02  4.003866E-03  4.003861E-03  8.991702E-03  8.991698E-03  0.000000E+00
      2250 18  2.953004E-03  2.953004E-03  1.098057E-02  1.098057E-02 -8.364338E-04 -8.364366E-04  1.495640E-02  1.495640E-02  0.000000E+00
      2250 19  1.205194E-03  1.205194E-03  1.298983E-02  1.298983E-02 -5.983948E-03 -5.983948E-03  1.970333E-02  1.970333E-02  0.000000E+00
      2250 20 -2.236960E-03 -2.236960E-03  1.672432E-02  1.672432E-02 -9.258153E-03 -9.258154E-03  2.269405E-02  2.269405E-02  0.000000E+00
      2250 21 -5.960009E-03 -5.960009E-03  2.048849E-02  2.048849E-02 -1.148406E-02 -1.148406E-02  2.488369E-02  2.488369E-02  0.000000E+00
      2250 22 -9.710086E-03 -9.710086E-03  2.407099E-02  2.407099E-02 -1.295033E-02 -1.295033E-02  2.651951E-02  2.651951E-02  0.000000E+00
      2250 23 -1.338228E-02 -1.338228E-02  2.742630E-02  2.742630E-02 -1.389508E-02 -1.389508E-02  2.778239E-02  2.778239E-02  0.000000E+00
      2250 24 -1.694176E-02 -1.694176E-02  3.056365E-02  3.056365E-02 -1.447637E-02 -1.447637E-02  2.878867E-02  2.878867E-02  0.000000E+00
      2250 25 -2.037886E-02 -2.037886E-02  3.350565E-02  3.350565E-02 -1.479690E-02 -1.479690E-02  2.961224E-02  2.961224E-02  0.000000E+00
      2250 26 -2.369649E-02 -2.369649E-02  3.627429E-02  3.627429E-02 -1.491809E-02 -1.491809E-02  3.030069E-02  3.030069E-02  0.000000E+00
      2250 27 -2.689822E-02 -2.689822E-02  3.888855E-02  3.888855E-02 -1.488110E-02 -1.488110E-02  3.089605E-02  3.089605E-02  0.000000E+00
      2250 28 -3.002545E-02 -3.002545E-02  4.139335E-02  4.139335E-02 -1.482074E-02 -1.482074E-02  3.108673E-02  3.108673E-02  0.000000E+00
      2250 29 -3.302179E-02 -3.302179E-02  4.375108E-02  4.375108E-02 -1.463777E-02 -1.463777E-02  3.148513E-02  3.148513E-02  0.000000E+00
      2250 30 -3.588343E-02 -3.588343E-02  4.597004E-02  4.597004E-02 -1.412245E-02 -1.412244E-02  3.214738E-02  3.214738E-02  0.000000E+00
      2250 31 -3.872787E-02 -3.872787E-02  4.814393E-02  4.814393E-02 -1.403383E-02 -1.403383E-02  3.215982E-02  3.215982E-02  0.000000E+00
      2250 32  3.111961E-03  3.111961E-03  1.085991E-02  1.085991E-02  4.115088E-03  4.090213E-03  8.946070E-03  8.946064E-03  0.000000E+00
      2250 33  3.165670E-03  3.165670E-03  1.085126E-02  1.085126E-02  7.627664E-05  4.001918E-05  1.413469E-02  1.413468E-02  0.000000E+00
      2250 34  2.417695E-03  2.417695E-03  1.177950E-02  1.177950E-02 -4.561095E-03 -4.561715E-03  1.849865E-02  1.849865E-02  0.000000E+00
      2250 35 -2.373673E-04 -2.373673E-04  1.479305E-02  1.479305E-02 -7.718149E-03 -7.717897E-03  2.134086E-02  2.134086E-02  0.000000E+00
      2250 36 -3.381980E-03 -3.381980E-03  1.809989E-02  1.809989E-02 -1.014014E-02 -1.013929E-02  2.360907E-02  2.360907E-02  0.000000E+00
      2250 37 -6.798291E-03 -6.798291E-03  2.145718E-02  2.145718E-02 -1.194048E-02 -1.193765E-02  2.543920E-02  2.543920E-02  0.000000E+00
      2250 38 -1.038867E-02 -1.038867E-02  2.478889E-02  2.478889E-02 -1.320277E-02 -1.320143E-02  2.688551E-02  2.688551E-02  0.000000E+00
      2250 39 -1.408871E-02 -1.408871E-02  2.805626E-02  2.805626E-02 -1.403980E-02 -1.404971E-02  2.800302E-02  2.800302E-02  0.000000E+00
      2250 40 -1.787126E-02 -1.787126E-02  3.125528E-02  3.125528E-02 -1.454712E-02 -1.459175E-02  2.878701E-02  2.878701E-02  0.000000E+00
      2250 41 -2.172604E-02 -2.172604E-02  3.439153E-02  3.439153E-02 -1.483724E-02 -1.496352E-02  2.918674E-02  2.918674E-02  0.000000E+00
      2250 42 -2.565139E-02 -2.565139E-02  3.747180E-02  3.747180E-02 -1.507543E-02 -1.536347E-02  2.912907E-02  2.912906E-02  0.000000E+00
      2250 43 -2.964493E-02 -2.964493E-02  4.050363E-02  4.050363E-02 -1.550506E-02 -1.606832E-02  2.857953E-02  2.857950E-02  0.000000E+00
      2250 44 -3.370695E-02 -3.370695E-02  4.349328E-02  4.349328E-02 -1.638121E-02 -1.734981E-02  2.758860E-02  2.758855E-02  0.000000E+00
      2250 45 -3.783770E-02 -3.783770E-02  4.644250E-02  4.644250E-02 -1.786612E-02 -1.935949E-02  2.629803E-02  2.629795E-02  0.000000E+00
      2250 46 -4.203985E-02 -4.203985E-02  4.935776E-02  4.935776E-02 -2.002758E-02 -2.215323E-02  2.479411E-02  2.479399E-02  0.000000E+00
      2250 47 -4.631096E-02 -4.631096E-02  5.223863E-02  5.223863E-02 -2.282903E-02 -2.567024E-02  2.317250E-02  2.317234E-02  0.000000E+00
      2250 48 -5.070372E-02 -5.070372E-02  5.512444E-02  5.512444E-02 -2.743218E-02 -3.134905E-02  1.981636E-02  1.981612E-02  0.000000E+00
      2250 49 -5.505568E-02 -5.505568E-02  5.790612E-02  5.790612E-02 -3.046900E-02 -3.500823E-02  1.915515E-02  1.915487E-02  0.000000E+00
      2250 50 -5.953109E-02 -5.953109E-02  6.069354E-02  6.069354E-02 -3.559746E-02 -4.110763E-02  1.608816E-02  1.608777E-02  0.000000E+00
      2250 51 -6.406733E-02 -6.406733E-02  6.345013E-02  6.345013E-02 -3.858169E-02 -4.470834E-02  1.606472E-02  1.606429E-02  0.000000E+00
      2250 52  3.003076E-03  3.003076E-03  1.087999E-02  1.087999E-02  3.999590E-03  4.024485E-03  8.947246E-03  8.947242E-03  0.000000E+00
      2250 53  2.947976E-03  2.947976E-03  1.089133E-02  1.089133E-02  5.726364E-04  6.141081E-04  1.340990E-02  1.340990E-02  0.000000E+00
      2250 54  2.538535E-03  2.538535E-03  1.131636E-02  1.131636E-02 -4.023161E-03 -4.019264E-03  1.784902E-02  1.784902E-02  0.000000E+00
      2250 55  2.351065E-04  2.351065E-04  1.388558E-02  1.388558E-02 -6.911263E-03 -6.904474E-03  2.043737E-02  2.043737E-02  0.000000E+00
      2250 56 -2.365159E-03 -2.365159E-03  1.665485E-02  1.665485E-02 -9.145930E-03 -9.134867E-03  2.249444E-02  2.249444E-02  0.000000E+00
      2250 57 -5.072501E-03 -5.072501E-03  1.941740E-02  1.941740E-02 -1.083860E-02 -1.082372E-02  2.414508E-02  2.414508E-02  0.000000E+00
      2250 58 -7.794171E-03 -7.794171E-03  2.210088E-02  2.210088E-02 -1.209953E-02 -1.208098E-02  2.548184E-02  2.548184E-02  0.000000E+00
      2250 59 -1.046645E-02 -1.046645E-02  2.466670E-02  2.466670E-02 -1.305622E-02 -1.303711E-02  2.661475E-02  2.661475E-02  0.000000E+00
      2250 60 -1.306388E-02 -1.306388E-02  2.710958E-02  2.710958E-02 -1.379239E-02 -1.378023E-02  2.762764E-02  2.762764E-02  0.000000E+00
      2250 61 -1.557458E-02 -1.557458E-02  2.943529E-02  2.943529E-02 -1.436447E-02 -1.437383E-02  2.859533E-02  2.859533E-02  0.000000E+00
      2250 62 -1.799635E-02 -1.799635E-02  3.165145E-02  3.165145E-02 -1.479141E-02 -1.484792E-02  2.958150E-02  2.958149E-02  0.000000E+00
      2250 63 -2.032835E-02 -2.032835E-02  3.376728E-02  3.376728E-02 -1.506581E-02 -1.520963E-02  3.064069E-02  3.064069E-02  0.000000E+00
      2250 64 -2.257206E-02 -2.257206E-02  3.579073E-02  3.579073E-02 -1.514916E-02 -1.543915E-02  3.181516E-02  3.181516E-02  0.000000E+00
      2250 65 -2.473137E-02 -2.473137E-02  3.772833E-02  3.772833E-02 -1.497056E-02 -1.548477E-02  3.311907E-02  3.311905E-02  0.000000E+00
      2250 66 -2.680818E-02 -2.680818E-02  3.958795E-02  3.958795E-02 -1.445874E-02 -1.528810E-02  3.452674E-02  3.452672E-02  0.000000E+00
      2250 67 -2.880617E-02 -2.880617E-02  4.137391E-02  4.137391E-02 -1.354712E-02 -1.478617E-02  3.597802E-02  3.597799E-02  0.000000E+00
      2250 68 -3.073628E-02 -3.073628E-02  4.309795E-02  4.309795E-02 -1.221438E-02 -1.394305E-02  3.737892E-02  3.737889E-02  0.000000E+00
      2250 69 -3.261559E-02 -3.261559E-02  4.477763E-02  4.477763E-02 -1.051109E-02 -1.277280E-02  3.861330E-02  3.861326E-02  0.000000E+00
      2250 70 -3.442170E-02 -3.442170E-02  4.639537E-02  4.639537E-02 -8.561204E-03 -1.135930E-02  3.960416E-02  3.960411E-02  0.000000E+00
      2250 71 -3.613529E-02 -3.613529E-02  4.793330E-02  4.793330E-02 -6.508637E-03 -9.810474E-03  4.031938E-02  4.031932E-02  0.000000E+00
