      2250  1 -1.831306E-02 -1.831303E-02  1.731250E-02  1.731252E-02 -1.003668E-03 -1.003669E-03  2.004205E-03  2.004204E-03  7.338592E-03
      2250  2 -1.679544E-02 -1.679541E-02  1.559265E-02  1.559267E-02 -6.743131E-03 -6.743127E-03  7.945895E-03  7.945899E-03  7.672727E-03
      2250  3 -1.618232E-02 -1.618227E-02  1.849049E-02  1.849053E-02 -2.252723E-02 -2.252720E-02  2.021899E-02  2.021901E-02  8.658278E-03
      2250  4 -3.454140E-02 -3.454133E-02  3.620314E-02  3.620320E-02 -2.693126E-02 -2.693121E-02  2.526942E-02  2.526945E-02  9.446951E-03
      2250  5 -5.772400E-02 -5.772390E-02  5.617202E-02  5.617208E-02 -2.700513E-02 -2.700508E-02  2.855698E-02  2.855703E-02  9.927976E-03
      2250  6 -8.335271E-02 -8.335260E-02  7.672890E-02  7.672898E-02 -2.415842E-02 -2.415835E-02  3.078208E-02  3.078213E-02  1.014349E-02
      2250  7 -1.103633E-01 -1.103632E-01  9.738496E-02  9.738504E-02 -1.940279E-02 -1.940271E-02  3.238096E-02  3.238101E-02  1.015917E-02
      2250  8 -1.383633E-01 -1.383632E-01  1.180830E-01  1.180831E-01 -1.330869E-02 -1.330859E-02  3.358883E-02  3.358889E-02  1.002080E-02
      2250  9 -1.672351E-01 -1.672349E-01  1.388882E-01  1.388883E-01 -6.180580E-03 -6.180472E-03  3.452726E-02  3.452733E-02  9.756392E-03
      2250 10 -1.969715E-01 -1.969714E-01  1.598925E-01  1.598926E-01  1.827261E-03  1.827381E-03  3.525153E-02  3.525160E-02  9.380892E-03
      2250 11 -2.275950E-01 -2.275948E-01  1.811726E-01  1.811727E-01  1.061884E-02  1.061897E-02  3.580325E-02  3.580332E-02  8.904287E-03
      2250 12 -2.586426E-01 -2.586424E-01  2.034808E-01  2.034809E-01  1.971130E-02  1.971144E-02  3.545024E-02  3.545032E-02  8.339177E-03
      2250 13 -2.915823E-01 -2.915821E-01  2.249103E-01  2.249104E-01  3.032563E-02  3.032578E-02  3.634614E-02  3.634621E-02  7.668082E-03
      2250 14 -3.250272E-01 -3.250270E-01  2.474793E-01  2.474795E-01  4.119728E-02  4.119745E-02  3.635028E-02  3.635036E-02  6.912647E-03
      2250 15 -3.594934E-01 -3.594931E-01  2.705965E-01  2.705966E-01  5.273876E-02  5.273894E-02  3.615780E-02  3.615788E-02  6.066063E-03
      2250 16 -3.949607E-01 -3.949605E-01  2.943786E-01  2.943788E-01  6.486819E-02  6.486838E-02  3.571359E-02  3.571366E-02  5.130991E-03
      2250 17 -1.849362E-02 -1.849359E-02  1.748673E-02  1.748675E-02 -1.017099E-03 -1.017100E-03  2.023971E-03  2.023970E-03  7.341572E-03
      2250 18 -1.478927E-02 -1.478922E-02  1.483696E-02  1.483699E-02 -1.323384E-02 -1.323383E-02  1.318610E-02  1.318611E-02  8.005412E-03
      2250 19 -1.927029E-02 -1.927023E-02  2.163769E-02  2.163773E-02 -2.332955E-02 -2.332953E-02  2.096207E-02  2.096210E-02  8.759523E-03
      2250 20 -3.506657E-02 -3.506649E-02  3.653125E-02  3.653131E-02 -2.587566E-02 -2.587562E-02  2.441088E-02  2.441091E-02  9.313758E-03
      2250 21 -5.319441E-02 -5.319432E-02  5.199937E-02  5.199944E-02 -2.518809E-02 -2.518805E-02  2.638301E-02  2.638305E-02  9.623586E-03
      2250 22 -7.201672E-02 -7.201661E-02  6.700020E-02  6.700027E-02 -2.243876E-02 -2.243871E-02  2.745515E-02  2.745519E-02  9.746649E-03
      2250 23 -9.077627E-02 -9.077614E-02  8.122631E-02  8.122639E-02 -1.842729E-02 -1.842723E-02  2.797709E-02  2.797714E-02  9.741208E-03
      2250 24 -1.091669E-01 -1.091667E-01  9.464481E-02  9.464489E-02 -1.362846E-02 -1.362839E-02  2.815035E-02  2.815040E-02  9.648061E-03
      2250 25 -1.270653E-01 -1.270652E-01  1.073043E-01  1.073044E-01 -8.330812E-03 -8.330741E-03  2.809164E-02  2.809169E-02  9.495321E-03
      2250 26 -1.444493E-01 -1.444491E-01  1.192697E-01  1.192698E-01 -2.693467E-03 -2.693391E-03  2.787280E-02  2.787286E-02  9.300018E-03
      2250 27 -1.613242E-01 -1.613240E-01  1.305901E-01  1.305902E-01  3.177859E-03  3.177939E-03  2.755605E-02  2.755611E-02  9.075504E-03
      2250 28 -1.774640E-01 -1.774639E-01  1.418434E-01  1.418435E-01  9.036983E-03  9.037065E-03  2.658348E-02  2.658354E-02  8.808470E-03
      2250 29 -1.932015E-01 -1.932013E-01  1.521800E-01  1.521801E-01  1.499070E-02  1.499078E-02  2.603056E-02  2.603063E-02  8.545612E-03
      2250 30 -2.089639E-01 -2.089637E-01  1.614650E-01  1.614651E-01  2.152795E-02  2.152804E-02  2.597071E-02  2.597078E-02  8.291231E-03
      2250 31 -2.233241E-01 -2.233239E-01  1.714308E-01  1.714309E-01  2.706854E-02  2.706863E-02  2.482452E-02  2.482459E-02  7.995376E-03
      2250 32 -1.824233E-02 -1.810468E-02  1.717871E-02  1.717873E-02 -9.945555E-04 -1.000767E-03  1.992449E-03  1.992449E-03  7.373121E-03
      2250 33 -1.524493E-02 -1.484090E-02  1.472427E-02  1.472431E-02 -1.161557E-02 -1.151375E-02  1.188328E-02  1.188329E-02  8.014005E-03
      2250 34 -1.537897E-02 -1.462679E-02  1.737242E-02  1.737248E-02 -2.245028E-02 -2.203517E-02  1.987313E-02  1.987317E-02  8.766121E-03
      2250 35 -2.793406E-02 -2.658473E-02  2.958749E-02  2.958759E-02 -2.652709E-02 -2.576871E-02  2.381972E-02  2.381979E-02  9.475587E-03
      2250 36 -4.384789E-02 -4.174160E-02  4.348345E-02  4.348359E-02 -2.791259E-02 -2.671543E-02  2.662518E-02  2.662528E-02  1.002853E-02
      2250 37 -6.175819E-02 -5.875527E-02  5.794722E-02  5.794740E-02 -2.722940E-02 -2.550309E-02  2.867560E-02  2.867573E-02  1.041995E-02
      2250 38 -8.103472E-02 -7.700314E-02  7.260117E-02  7.260140E-02 -2.484255E-02 -2.251703E-02  3.009736E-02  3.009751E-02  1.066500E-02
      2250 39 -1.011926E-01 -9.600243E-02  8.724675E-02  8.724703E-02 -2.113913E-02 -1.816644E-02  3.100333E-02  3.100351E-02  1.078491E-02
      2250 40 -1.219336E-01 -1.154451E-01  1.018902E-01  1.018905E-01 -1.639646E-02 -1.276924E-02  3.138175E-02  3.138197E-02  1.079679E-02
      2250 41 -1.429754E-01 -1.350248E-01  1.166449E-01  1.166453E-01 -1.089819E-02 -6.674500E-03  3.114122E-02  3.114146E-02  1.071473E-02
      2250 42 -1.639634E-01 -1.543469E-01  1.316936E-01  1.316940E-01 -5.038906E-03 -3.660488E-04  3.016368E-02  3.016394E-02  1.055470E-02
      2250 43 -1.844432E-01 -1.729095E-01  1.472312E-01  1.472317E-01  5.853144E-04  5.474394E-03  2.841497E-02  2.841525E-02  1.034547E-02
      2250 44 -2.040282E-01 -1.902926E-01  1.633797E-01  1.633803E-01  5.340446E-03  1.017533E-02  2.602236E-02  2.602265E-02  1.012170E-02
      2250 45 -2.225688E-01 -2.063458E-01  1.801062E-01  1.801069E-01  8.807218E-03  1.335409E-02  2.326998E-02  2.327027E-02  9.912231E-03
      2250 46 -2.400474E-01 -2.210586E-01  1.973876E-01  1.973884E-01  1.081113E-02  1.487242E-02  2.032309E-02  2.032337E-02  9.735225E-03
      2250 47 -2.566022E-01 -2.345983E-01  2.151009E-01  2.151019E-01  1.142698E-02  1.487018E-02  1.735015E-02  1.735042E-02  9.596427E-03
      2250 48 -2.690539E-01 -2.435424E-01  2.355699E-01  2.355710E-01  8.171853E-03  1.005158E-02  1.161584E-02  1.161606E-02  9.547664E-03
      2250 49 -2.863435E-01 -2.576139E-01  2.522442E-01  2.522455E-01  8.300870E-03  1.001357E-02  1.057654E-02  1.057677E-02  9.446343E-03
      2250 50 -2.984105E-01 -2.661333E-01  2.723969E-01  2.723984E-01  4.008841E-03  4.532484E-03  5.603506E-03  5.603652E-03  9.436427E-03
      2250 51 -3.171867E-01 -2.813477E-01  2.885296E-01  2.885313E-01  4.595680E-03  5.198842E-03  5.839387E-03  5.839556E-03  9.313149E-03
      2250 52 -1.838461E-02 -1.852394E-02  1.744810E-02  1.744812E-02 -1.012561E-03 -1.006683E-03  2.015786E-03  2.015786E-03  7.304245E-03
      2250 53 -1.597976E-02 -1.637520E-02  1.541825E-02  1.541826E-02 -9.654425E-03 -9.728039E-03  1.045045E-02  1.045045E-02  7.746012E-03
      2250 54 -1.345896E-02 -1.416714E-02  1.581209E-02  1.581210E-02 -2.053778E-02 -2.089436E-02  1.871702E-02  1.871702E-02  8.285595E-03
      2250 55 -2.332050E-02 -2.456733E-02  2.610491E-02  2.610490E-02 -2.404546E-02 -2.467310E-02  2.219829E-02  2.219829E-02  8.725079E-03
      2250 56 -3.532568E-02 -3.723878E-02  3.753466E-02  3.753464E-02 -2.534833E-02 -2.630901E-02  2.457625E-02  2.457624E-02  9.022862E-03
      2250 57 -4.830900E-02 -5.099230E-02  4.915728E-02  4.915724E-02 -2.504008E-02 -2.638897E-02  2.620792E-02  2.620791E-02  9.187451E-03
      2250 58 -6.167656E-02 -6.521875E-02  6.060027E-02  6.060022E-02 -2.356262E-02 -2.534568E-02  2.730157E-02  2.730155E-02  9.244708E-03
      2250 59 -7.498147E-02 -7.945629E-02  7.162709E-02  7.162701E-02 -2.135343E-02 -2.361795E-02  2.807754E-02  2.807750E-02  9.224358E-03
      2250 60 -8.803560E-02 -9.350331E-02  8.215577E-02  8.215567E-02 -1.867503E-02 -2.147522E-02  2.868888E-02  2.868883E-02  9.148781E-03
      2250 61 -1.007605E-01 -1.072665E-01  9.214992E-02  9.214980E-02 -1.569835E-02 -1.910323E-02  2.926443E-02  2.926437E-02  9.036438E-03
      2250 62 -1.131756E-01 -1.207448E-01  1.015829E-01  1.015828E-01 -1.248286E-02 -1.658635E-02  2.991201E-02  2.991193E-02  8.898861E-03
      2250 63 -1.253471E-01 -1.339785E-01  1.104293E-01  1.104291E-01 -9.021007E-03 -1.395023E-02  3.071923E-02  3.071914E-02  8.745708E-03
      2250 64 -1.373949E-01 -1.470527E-01  1.186590E-01  1.186588E-01 -5.224037E-03 -1.114862E-02  3.175132E-02  3.175121E-02  8.582763E-03
      2250 65 -1.494856E-01 -1.600944E-01  1.262510E-01  1.262508E-01 -9.185396E-04 -8.049866E-03  3.302339E-02  3.302325E-02  8.411043E-03
      2250 66 -1.617551E-01 -1.732046E-01  1.332227E-01  1.332225E-01  4.066796E-03 -4.506937E-03  3.447737E-02  3.447720E-02  8.231237E-03
      2250 67 -1.743112E-01 -1.864666E-01  1.396181E-01  1.396178E-01  9.897564E-03 -3.542872E-04  3.599941E-02  3.599922E-02  8.039820E-03
      2250 68 -1.871996E-01 -1.999312E-01  1.455674E-01  1.455671E-01  1.664368E-02  4.521369E-03  3.741572E-02  3.741550E-02  7.832965E-03
      2250 69 -2.003545E-01 -2.135780E-01  1.512822E-01  1.512819E-01  2.421390E-02  1.012239E-02  3.851619E-02  3.851594E-02  7.607469E-03
      2250 70 -2.133946E-01 -2.270769E-01  1.568099E-01  1.568097E-01  3.227124E-02  1.621502E-02  3.918294E-02  3.918266E-02  7.367570E-03
      2250 71 -2.259420E-01 -2.401028E-01  1.621688E-01  1.621685E-01  4.043592E-02  2.250943E-02  3.938119E-02  3.938089E-02  7.118384E-03
