-15007.270480320    -15007.270480320 
-15007.270480320    -15007.266382434 
-15007.270480320    -15007.243737096 
-15007.270480320    -15007.204203383 
-15007.270480320    -15007.149317719 
-15007.270480320    -15007.080483921 
-15007.270480320    -15006.998978013 
-15007.270480320    -15006.905972340 
-15007.270480320    -15006.802560721 
-15007.270480320    -15006.689761566 
-15007.270480320    -15006.568515353 
-15007.270480320    -15006.439677924 
-15007.270480320    -15006.304029595 
-15007.270480320    -15006.162294365 
-15007.270480320    -15006.015147788 
-15007.270480320    -15005.863218146 
