-15007.270480320    -15007.270480320 
-15007.270480320    -15007.254250334 
-15007.270480320    -15007.215768485 
-15007.270480320    -15007.152922756 
-15007.270480320    -15007.063393829 
-15007.270480320    -15006.944666963 
-15007.270480320    -15006.794034670 
-15007.270480320    -15006.608574332 
-15007.270480320    -15006.385088396 
-15007.270480320    -15006.120063022 
-15007.270480320    -15005.809683539 
-15007.270480320    -15005.449847201 
-15007.270480320    -15005.036105967 
-15007.270480320    -15004.563593473 
-15007.270480320    -15004.026992103 
-15007.270480320    -15003.420549720 
