 chi_2 and hardness_2, chi_var_1, chi_var_2
 -2.314626E-02 -2.314626E-02 -4.422466E-02 -4.422466E-02  0.000000E+00  0.000000E+00  0.000000E+00  0.000000E+00  2.081668E-17  0.000000E+00
         qat_1         qat_2         q_tot         q_inp
  3.628781E-01  5.162119E-01  8.790900E-01  8.790900E-01
  3.628781E-01  5.162119E-01  8.790900E-01  8.790900E-01
 -8.981795E-01  1.908954E-02 -8.790900E-01 -8.790900E-01
 -8.981795E-01  1.908954E-02 -8.790900E-01 -8.790900E-01
 ______________________________________________________________
 chi_from cent_1
 -3.323835E-01 -3.323835E-01  1.262627E-01  1.262627E-01
