 chi_2 and hardness_2, chi_var_1, chi_var_2
 -2.243230E-02 -2.243230E-02 -3.556593E-02 -3.556593E-02  0.000000E+00  0.000000E+00  0.000000E+00  0.000000E+00  2.081668E-17  3.469447E-17
         qat_1         qat_2         q_tot         q_inp
  3.447876E-01  4.947034E-01  8.394910E-01  8.394910E-01
  3.447876E-01  4.947034E-01  8.394910E-01  8.394910E-01
 -8.770762E-01  3.758516E-02 -8.394910E-01 -8.394910E-01
 -8.770762E-01  3.758516E-02 -8.394910E-01 -8.394910E-01
 ______________________________________________________________
 chi_from cent_1
 -3.132805E-01 -3.132805E-01  1.235602E-01  1.235602E-01
