 chi_2 and hardness_2, chi_var_1, chi_var_2
 -2.262195E-02 -2.262195E-02 -3.116214E-02 -3.116214E-02  0.000000E+00  0.000000E+00  0.000000E+00  0.000000E+00  8.673617E-17  1.040834E-17
         qat_1         qat_2         q_tot         q_inp
  3.325234E-01  4.897726E-01  8.222960E-01  8.222960E-01
  3.325234E-01  4.897726E-01  8.222960E-01  8.222960E-01
 -8.651148E-01  4.281877E-02 -8.222960E-01 -8.222960E-01
 -8.651148E-01  4.281877E-02 -8.222960E-01 -8.222960E-01
 ______________________________________________________________
 chi_from cent_1
 -3.049991E-01 -3.049991E-01  1.225690E-01  1.225690E-01
