/home/ehsan/works/cent3_double_chi/chi_from_qat/MgO_4_atom_compressed/000
 chi_2 and hardness_2, chi_var_1, chi_var_2
 -2.418783E-02 -2.418783E-02 -4.611521E-02 -4.611521E-02  0.000000E+00  0.000000E+00  0.000000E+00  0.000000E+00  1.387779E-17  2.453269E-17
         qat_1         qat_2         q_tot         q_inp
  3.130812E-01  5.092148E-01  8.222960E-01  8.222960E-01
  3.130812E-01  5.092148E-01  8.222960E-01  8.222960E-01
 -5.943373E-01 -2.279587E-01 -8.222960E-01 -8.222960E-01
 -5.943373E-01 -2.279587E-01 -8.222960E-01 -8.222960E-01
4       x               y               z               q       gw_1    gw_2    hardness_1  chi_1       
Mg    3.00000000   3.00000000   3.000000000        0.822296     1.0     2.1     0.143322    -0.13781
Mg    3.00000000   5.10850000   5.108500000        0.822296     1.0     2.1     0.143322    -0.13781
O     3.00000000   5.10850000   3.000000000       -0.822296     1.2     3.2     0.223435     0.27708 
O     3.00000000   3.00000000   5.108500000       -0.822296     1.2     3.2     0.223435     0.27708
--------------------------------------------------------------------------
/home/ehsan/works/cent3_double_chi/chi_from_qat/MgO_4_atom_compressed/001
 chi_2 and hardness_2, chi_var_1, chi_var_2
 -2.400616E-02 -2.400616E-02 -4.767770E-02 -4.767764E-02  0.000000E+00  0.000000E+00  0.000000E+00  0.000000E+00  2.081668E-17  2.645408E-08
         qat_1         qat_2         q_tot         q_inp
  3.181043E-01  5.082807E-01  8.263850E-01  8.263850E-01
  3.181043E-01  5.082807E-01  8.263850E-01  8.263850E-01
 -5.979854E-01 -2.283986E-01 -8.263840E-01 -8.263840E-01
 -5.979851E-01 -2.284009E-01 -8.263860E-01 -8.263860E-01
4       x               y               z               q       gw_1    gw_2    hardness_1  chi_1       
Mg    2.970000      2.9700000       2.9700000    0.826385       1.0     2.1     0.143322    -0.13781
Mg    2.970000      5.0574150       5.0574150    0.826385       1.0     2.1     0.143322    -0.13781
O     2.970000      5.0574150       2.9700000   -0.826384       1.2     3.2     0.223435    0.27708 
O     2.970000      2.9700000       5.0574150   -0.826386       1.2     3.2     0.223435    0.27708
--------------------------------------------------------------------------
/home/ehsan/works/cent3_double_chi/chi_from_qat/MgO_4_atom_compressed/002
 chi_2 and hardness_2, chi_var_1, chi_var_2
 -2.384786E-02 -2.384786E-02 -4.926266E-02 -4.926266E-02  0.000000E+00  0.000000E+00  0.000000E+00  0.000000E+00  1.387779E-17  3.469447E-17
         qat_1         qat_2         q_tot         q_inp
  3.231000E-01  5.075920E-01  8.306920E-01  8.306920E-01
  3.231000E-01  5.075920E-01  8.306920E-01  8.306920E-01
 -6.016638E-01 -2.290282E-01 -8.306920E-01 -8.306920E-01
 -6.016638E-01 -2.290282E-01 -8.306920E-01 -8.306920E-01
4       x               y               z               q       gw_1    gw_2    hardness_1  chi_1       
Mg   2.9400000      2.94000000       2.9400000        0.830692  1.0     2.1     0.143322    -0.13781
Mg   2.9400000      5.00633000       5.0063300        0.830692  1.0     2.1     0.143322    -0.13781
O    2.9400000      5.00633000       2.9400000       -0.830692  1.2     3.2     0.223435    0.27708 
O    2.9400000      2.94000000       5.0063300       -0.830692  1.2     3.2     0.223435    0.27708
--------------------------------------------------------------------------
/home/ehsan/works/cent3_double_chi/chi_from_qat/MgO_4_atom_compressed/003
 chi_2 and hardness_2, chi_var_1, chi_var_2
 -2.369673E-02 -2.369673E-02 -5.087333E-02 -5.087331E-02  0.000000E+00  0.000000E+00  0.000000E+00  0.000000E+00  5.551115E-17  1.280163E-08
         qat_1         qat_2         q_tot         q_inp
  3.281595E-01  5.069075E-01  8.350670E-01  8.350670E-01
  3.281595E-01  5.069075E-01  8.350670E-01  8.350670E-01
 -6.054166E-01 -2.296504E-01 -8.350670E-01 -8.350670E-01
 -6.054165E-01 -2.296515E-01 -8.350680E-01 -8.350680E-01
4       x               y               z               q       gw_1    gw_2    hardness_1  chi_1       
Mg   2.910000000    2.9100000000      2.91000000   0.835067     1.0     2.1     0.143322    -0.13781
Mg   2.910000000    4.9552450000      4.95524500   0.835067     1.0     2.1     0.143322    -0.13781
O    2.910000000    4.9552450000      2.91000000  -0.835067     1.2     3.2     0.223435    0.27708 
O    2.910000000    2.9100000000      4.95524500  -0.835068     1.2     3.2     0.223435    0.27708
--------------------------------------------------------------------------
/home/ehsan/works/cent3_double_chi/chi_from_qat/MgO_4_atom_compressed/004
 chi_2 and hardness_2, chi_var_1, chi_var_2
 -2.355111E-02 -2.355111E-02 -5.251056E-02 -5.251056E-02  0.000000E+00  0.000000E+00  0.000000E+00  0.000000E+00  6.938894E-18  2.453269E-17
         qat_1         qat_2         q_tot         q_inp
  3.332929E-01  5.061981E-01  8.394910E-01  8.394910E-01
  3.332929E-01  5.061981E-01  8.394910E-01  8.394910E-01
 -6.092507E-01 -2.302403E-01 -8.394910E-01 -8.394910E-01
 -6.092507E-01 -2.302403E-01 -8.394910E-01 -8.394910E-01
4       x               y               z               q       gw_1    gw_2    hardness_1  chi_1       
Mg  2.8800000000   2.8800000000   2.8800000000        0.839491  1.0     2.1     0.143322    -0.13781
Mg  2.8800000000   4.9041600000   4.9041600000        0.839491  1.0     2.1     0.143322    -0.13781
O   2.8800000000   4.9041600000   2.8800000000       -0.839491  1.2     3.2     0.223435    0.27708 
O   2.8800000000   2.8800000000   4.9041600000       -0.839491  1.2     3.2     0.223435    0.27708
--------------------------------------------------------------------------
/home/ehsan/works/cent3_double_chi/chi_from_qat/MgO_4_atom_compressed/005
 chi_2 and hardness_2, chi_var_1, chi_var_2
 -2.342092E-02 -2.342092E-02 -5.417149E-02 -5.417149E-02  0.000000E+00  0.000000E+00  0.000000E+00  0.000000E+00  5.551115E-17  1.387779E-17
         qat_1         qat_2         q_tot         q_inp
  3.384409E-01  5.056161E-01  8.440570E-01  8.440570E-01
  3.384409E-01  5.056161E-01  8.440570E-01  8.440570E-01
 -6.131353E-01 -2.309217E-01 -8.440570E-01 -8.440570E-01
 -6.131353E-01 -2.309217E-01 -8.440570E-01 -8.440570E-01
4       x               y               z               q       gw_1    gw_2    hardness_1  chi_1       
Mg   2.8500000000   2.85000000000  2.8500000000       0.844057  1.0     2.1     0.143322    -0.13781
Mg   2.8500000000   4.85307500000  4.8530750000       0.844057  1.0     2.1     0.143322    -0.13781
O    2.8500000000   4.85307500000  2.8500000000      -0.844057  1.2     3.2     0.223435    0.27708 
O    2.8500000000   2.85000000000  4.8530750000      -0.844057  1.2     3.2     0.223435    0.27708
--------------------------------------------------------------------------
/home/ehsan/works/cent3_double_chi/chi_from_qat/MgO_4_atom_compressed/007
 chi_2 and hardness_2, chi_var_1, chi_var_2
 -2.319852E-02 -2.319852E-02 -5.756581E-02 -5.756581E-02  0.000000E+00  0.000000E+00  0.000000E+00  0.000000E+00  9.714451E-17  3.141718E-17
         qat_1         qat_2         q_tot         q_inp
  3.488235E-01  5.047055E-01  8.535290E-01  8.535290E-01
  3.488235E-01  5.047055E-01  8.535290E-01  8.535290E-01
 -6.210783E-01 -2.324507E-01 -8.535290E-01 -8.535290E-01
 -6.210783E-01 -2.324507E-01 -8.535290E-01 -8.535290E-01
4       x               y               z               q       gw_1    gw_2    hardness_1  chi_1       
Mg 2.790000000   2.790000000   2.7900000000           0.853529   1.0     2.1     0.143322   -0.13781
Mg 2.790000000   4.750905000   4.7509050000           0.853529   1.0     2.1     0.143322   -0.13781
O  2.790000000   4.750905000   2.7900000000          -0.853529   1.2     3.2     0.223435    0.27708 
O  2.790000000   2.790000000   4.7509050000          -0.853529   1.2     3.2     0.223435    0.27708
--------------------------------------------------------------------------
/home/ehsan/works/cent3_double_chi/chi_from_qat/MgO_4_atom_compressed/010
 chi_2 and hardness_2, chi_var_1, chi_var_2
 -2.296197E-02 -2.296197E-02 -6.283246E-02 -6.283246E-02  0.000000E+00  0.000000E+00  0.000000E+00  0.000000E+00  0.000000E+00  9.813078E-18
         qat_1         qat_2         q_tot         q_inp
  3.645725E-01  5.040045E-01  8.685770E-01  8.685770E-01
  3.645725E-01  5.040045E-01  8.685770E-01  8.685770E-01
 -6.334005E-01 -2.351765E-01 -8.685770E-01 -8.685770E-01
 -6.334005E-01 -2.351765E-01 -8.685770E-01 -8.685770E-01
4       x               y               z               q       gw_1    gw_2    hardness_1  chi_1       
Mg  2.70000000000   2.70000000000   2.70000000000   0.868577    1.0     2.1     0.143322    -0.13781
Mg  2.70000000000   4.59765000000   4.59765000000   0.868577    1.0     2.1     0.143322    -0.13781
O   2.70000000000   4.59765000000   2.70000000000  -0.868577    1.2     3.2     0.223435    0.27708 
O   2.70000000000   2.70000000000   4.59765000000  -0.868577    1.2     3.2     0.223435    0.27708
--------------------------------------------------------------------------
/home/ehsan/works/cent3_double_chi/chi_from_qat/MgO_4_atom_compressed/012
 chi_2 and hardness_2, chi_var_1, chi_var_2
 -2.286250E-02 -2.286250E-02 -6.645675E-02 -6.645675E-02  0.000000E+00  0.000000E+00  0.000000E+00  0.000000E+00  1.387779E-17  9.813078E-18
         qat_1         qat_2         q_tot         q_inp
  3.751976E-01  5.038924E-01  8.790900E-01  8.790900E-01
  3.751976E-01  5.038924E-01  8.790900E-01  8.790900E-01
 -6.418862E-01 -2.372038E-01 -8.790900E-01 -8.790900E-01
 -6.418862E-01 -2.372038E-01 -8.790900E-01 -8.790900E-01
4       x               y               z               q       gw_1    gw_2    hardness_1  chi_1       
Mg   2.640000000   2.640000000   2.640000000         0.879090   1.0     2.1     0.143322    -0.13781
Mg   2.640000000   4.495480000   4.495480000         0.879090   1.0     2.1     0.143322    -0.13781
O    2.640000000   4.495480000   2.640000000        -0.879090   1.2     3.2     0.223435    0.27708 
O    2.640000000   2.640000000   4.495480000        -0.879090   1.2     3.2     0.223435    0.27708
--------------------------------------------------------------------------
/home/ehsan/works/cent3_double_chi/chi_from_qat/MgO_4_atom_compressed/015
 chi_2 and hardness_2, chi_var_1, chi_var_2
 -2.275504E-02 -2.275504E-02 -7.206815E-02 -7.206815E-02  0.000000E+00  0.000000E+00  0.000000E+00  0.000000E+00  6.938894E-18  2.775558E-17
         qat_1         qat_2         q_tot         q_inp
  3.915370E-01  5.036400E-01  8.951770E-01  8.951770E-01
  3.915370E-01  5.036400E-01  8.951770E-01  8.951770E-01
 -6.551316E-01 -2.400454E-01 -8.951770E-01 -8.951770E-01
 -6.551316E-01 -2.400454E-01 -8.951770E-01 -8.951770E-01
4       x               y               z               q       gw_1    gw_2    hardness_1  chi_1       
Mg  2.550000000   2.5500000000  2.550000000       0.895177      1.0     2.1     0.143322    -0.13781
Mg  2.550000000   4.3422250000  4.342225000       0.895177      1.0     2.1     0.143322    -0.13781
O   2.550000000   4.3422250000  2.550000000      -0.895177      1.2     3.2     0.223435    0.27708 
O   2.550000000   2.5500000000  4.342225000      -0.895177      1.2     3.2     0.223435    0.27708
--------------------------------------------------------------------------
/home/ehsan/works/cent3_double_chi/chi_from_qat/MgO_4_atom_compressed/020
 chi_2 and hardness_2, chi_var_1, chi_var_2
 -2.235359E-02 -2.235359E-02 -8.200312E-02 -8.200312E-02  0.000000E+00  0.000000E+00  0.000000E+00  0.000000E+00  4.163336E-17  1.387779E-17
         qat_1         qat_2         q_tot         q_inp
  4.216742E-01  4.986608E-01  9.203350E-01  9.203350E-01
  4.216742E-01  4.986608E-01  9.203350E-01  9.203350E-01
 -6.796788E-01 -2.406562E-01 -9.203350E-01 -9.203350E-01
 -6.796788E-01 -2.406562E-01 -9.203350E-01 -9.203350E-01
4       x               y               z               q       gw_1    gw_2    hardness_1  chi_1       
Mg  2.400000000   2.4000000000  2.4000000000          0.920335  1.0     2.1     0.143322    -0.13781
Mg  2.400000000   4.0868000000  4.0868000000          0.920335  1.0     2.1     0.143322    -0.13781
O   2.400000000   4.0868000000  2.4000000000         -0.920335  1.2     3.2     0.223435    0.27708 
O   2.400000000   2.4000000000  4.0868000000         -0.920335  1.2     3.2     0.223435    0.27708
--------------------------------------------------------------------------
/home/ehsan/works/cent3_double_chi/chi_from_qat/MgO_4_atom_compressed/025
 chi_2 and hardness_2, chi_var_1, chi_var_2
 -2.097302E-02 -2.097302E-02 -9.304410E-02 -9.304410E-02  0.000000E+00  0.000000E+00  0.000000E+00  0.000000E+00  1.387779E-17  4.163336E-17
         qat_1         qat_2         q_tot         q_inp
  4.595857E-01  4.795173E-01  9.391030E-01  9.391030E-01
  4.595857E-01  4.795173E-01  9.391030E-01  9.391030E-01
 -7.100962E-01 -2.290068E-01 -9.391030E-01 -9.391030E-01
 -7.100962E-01 -2.290068E-01 -9.391030E-01 -9.391030E-01
4       x               y               z               q       gw_1    gw_2    hardness_1  chi_1       
Mg  2.250000000   2.250000000   2.250000000           0.939103   1.0     2.1     0.143322    -0.13781
Mg  2.250000000   3.831375000   3.831375000           0.939103   1.0     2.1     0.143322    -0.13781
O   2.250000000   3.831375000   2.250000000          -0.939103   1.2     3.2     0.223435    0.27708 
O   2.250000000   2.250000000   3.831375000          -0.939103   1.2     3.2     0.223435    0.27708
--------------------------------------------------------------------------
/home/ehsan/works/cent3_double_chi/chi_from_qat/MgO_4_atom_compressed/030
 chi_2 and hardness_2, chi_var_1, chi_var_2
 -1.813496E-02 -1.813496E-02 -1.056160E-01 -1.056160E-01  0.000000E+00  0.000000E+00  0.000000E+00  0.000000E+00  4.163336E-17  4.163336E-17
         qat_1         qat_2         q_tot         q_inp
  5.082028E-01  4.417972E-01  9.500000E-01  9.500000E-01
  5.082028E-01  4.417972E-01  9.500000E-01  9.500000E-01
 -7.488463E-01 -2.011537E-01 -9.500000E-01 -9.500000E-01
 -7.488463E-01 -2.011537E-01 -9.500000E-01 -9.500000E-01
4       x               y               z               q       gw_1    gw_2    hardness_1  chi_1       
Mg  2.100000        2.100000        2.100000        0.950000   1.0     2.1     0.143322    -0.13781
Mg  2.100000        3.575950        3.575950        0.950000   1.0     2.1     0.143322    -0.13781
O   2.100000        3.575950        2.100000       -0.950000   1.2     3.2     0.223435    0.27708 
O   2.100000        2.100000        3.575950       -0.950000   1.2     3.2     0.223435    0.27708
--------------------------------------------------------------------------
