/home/ehsan/works/cent3_double_chi/chi_from_qat/MgO_4_atom_compressed/000
 chi_2 and hardness_2, chi_var_1, chi_var_2
 -1.175754E-01 -1.175754E-01 -7.422714E-05 -7.422714E-05  0.000000E+00  0.000000E+00  0.000000E+00  0.000000E+00  6.938894E-17  2.992398E-17
         qat_1         qat_2         q_tot         q_inp
 -1.430450E-01  9.653410E-01  8.222960E-01  8.222960E-01
 -1.430450E-01  9.653410E-01  8.222960E-01  8.222960E-01
 -3.751307E-01 -4.471653E-01 -8.222960E-01 -8.222960E-01
 -3.751307E-01 -4.471653E-01 -8.222960E-01 -8.222960E-01
4       x               y               z               q       gw_1    gw_2    hardness_1  chi_1       
Mg    3.00000000   3.00000000   3.000000000        0.822296     1.0     1.5     0.143322    -0.13781
Mg    3.00000000   5.10850000   5.108500000        0.822296     1.0     1.5     0.143322    -0.13781
O     3.00000000   5.10850000   3.000000000       -0.822296     1.2     3.2     0.223435     0.27708 
O     3.00000000   3.00000000   5.108500000       -0.822296     1.2     3.2     0.223435     0.27708
--------------------------------------------------------------------------
/home/ehsan/works/cent3_double_chi/chi_from_qat/MgO_4_atom_compressed/001
 chi_2 and hardness_2, chi_var_1, chi_var_2
 -1.190546E-01 -1.190546E-01  9.575137E-04  9.575666E-04  0.000000E+00  0.000000E+00  0.000000E+00  0.000000E+00  9.813078E-18  2.645408E-08
         qat_1         qat_2         q_tot         q_inp
 -1.505103E-01  9.768953E-01  8.263850E-01  8.263850E-01
 -1.505103E-01  9.768953E-01  8.263850E-01  8.263850E-01
 -3.695713E-01 -4.568127E-01 -8.263840E-01 -8.263840E-01
 -3.695710E-01 -4.568150E-01 -8.263860E-01 -8.263860E-01
4       x               y               z               q       gw_1    gw_2    hardness_1  chi_1       
Mg    2.970000      2.9700000       2.9700000    0.826385       1.0     1.5     0.143322    -0.13781
Mg    2.970000      5.0574150       5.0574150    0.826385       1.0     1.5     0.143322    -0.13781
O     2.970000      5.0574150       2.9700000   -0.826384       1.2     3.2     0.223435    0.27708 
O     2.970000      2.9700000       5.0574150   -0.826386       1.2     3.2     0.223435    0.27708
--------------------------------------------------------------------------
/home/ehsan/works/cent3_double_chi/chi_from_qat/MgO_4_atom_compressed/002
 chi_2 and hardness_2, chi_var_1, chi_var_2
 -1.207239E-01 -1.207239E-01  2.245306E-03  2.245306E-03  0.000000E+00  0.000000E+00  0.000000E+00  0.000000E+00  4.163336E-17  1.843271E-17
         qat_1         qat_2         q_tot         q_inp
 -1.591565E-01  9.898485E-01  8.306920E-01  8.306920E-01
 -1.591565E-01  9.898485E-01  8.306920E-01  8.306920E-01
 -3.632966E-01 -4.673954E-01 -8.306920E-01 -8.306920E-01
 -3.632966E-01 -4.673954E-01 -8.306920E-01 -8.306920E-01
4       x               y               z               q       gw_1    gw_2    hardness_1  chi_1       
Mg   2.9400000      2.94000000       2.9400000        0.830692  1.0     1.5     0.143322    -0.13781
Mg   2.9400000      5.00633000       5.0063300        0.830692  1.0     1.5     0.143322    -0.13781
O    2.9400000      5.00633000       2.9400000       -0.830692  1.2     3.2     0.223435    0.27708 
O    2.9400000      2.94000000       5.0063300       -0.830692  1.2     3.2     0.223435    0.27708
--------------------------------------------------------------------------
/home/ehsan/works/cent3_double_chi/chi_from_qat/MgO_4_atom_compressed/003
 chi_2 and hardness_2, chi_var_1, chi_var_2
 -1.225472E-01 -1.225472E-01  3.768210E-03  3.768236E-03  0.000000E+00  0.000000E+00  0.000000E+00  0.000000E+00  5.551115E-17  1.280163E-08
         qat_1         qat_2         q_tot         q_inp
 -1.687682E-01  1.003835E+00  8.350670E-01  8.350670E-01
 -1.687682E-01  1.003835E+00  8.350670E-01  8.350670E-01
 -3.563906E-01 -4.786764E-01 -8.350670E-01 -8.350670E-01
 -3.563904E-01 -4.786776E-01 -8.350680E-01 -8.350680E-01
4       x               y               z               q       gw_1    gw_2    hardness_1  chi_1       
Mg   2.910000000    2.9100000000      2.91000000   0.835067     1.0     1.5     0.143322    -0.13781
Mg   2.910000000    4.9552450000      4.95524500   0.835067     1.0     1.5     0.143322    -0.13781
O    2.910000000    4.9552450000      2.91000000  -0.835067     1.2     3.2     0.223435    0.27708 
O    2.910000000    2.9100000000      4.95524500  -0.835068     1.2     3.2     0.223435    0.27708
--------------------------------------------------------------------------
/home/ehsan/works/cent3_double_chi/chi_from_qat/MgO_4_atom_compressed/004
 chi_2 and hardness_2, chi_var_1, chi_var_2
 -1.245333E-01 -1.245333E-01  5.548794E-03  5.548794E-03  0.000000E+00  0.000000E+00  0.000000E+00  0.000000E+00  6.283436E-17  2.428613E-17
         qat_1         qat_2         q_tot         q_inp
 -1.794095E-01  1.018901E+00  8.394910E-01  8.394910E-01
 -1.794095E-01  1.018901E+00  8.394910E-01  8.394910E-01
 -3.488022E-01 -4.906888E-01 -8.394910E-01 -8.394910E-01
 -3.488022E-01 -4.906888E-01 -8.394910E-01 -8.394910E-01
4       x               y               z               q       gw_1    gw_2    hardness_1  chi_1       
Mg  2.8800000000   2.8800000000   2.8800000000        0.839491  1.0     1.5     0.143322    -0.13781
Mg  2.8800000000   4.9041600000   4.9041600000        0.839491  1.0     1.5     0.143322    -0.13781
O   2.8800000000   4.9041600000   2.8800000000       -0.839491  1.2     3.2     0.223435    0.27708 
O   2.8800000000   2.8800000000   4.9041600000       -0.839491  1.2     3.2     0.223435    0.27708
--------------------------------------------------------------------------
/home/ehsan/works/cent3_double_chi/chi_from_qat/MgO_4_atom_compressed/005
 chi_2 and hardness_2, chi_var_1, chi_var_2
 -1.267340E-01 -1.267340E-01  7.657777E-03  7.657777E-03  0.000000E+00  0.000000E+00  0.000000E+00  0.000000E+00  8.326673E-17  1.605205E-17
         qat_1         qat_2         q_tot         q_inp
 -1.914148E-01  1.035472E+00  8.440570E-01  8.440570E-01
 -1.914148E-01  1.035472E+00  8.440570E-01  8.440570E-01
 -3.403382E-01 -5.037188E-01 -8.440570E-01 -8.440570E-01
 -3.403382E-01 -5.037188E-01 -8.440570E-01 -8.440570E-01
4       x               y               z               q       gw_1    gw_2    hardness_1  chi_1       
Mg   2.8500000000   2.85000000000  2.8500000000       0.844057  1.0     1.5     0.143322    -0.13781
Mg   2.8500000000   4.85307500000  4.8530750000       0.844057  1.0     1.5     0.143322    -0.13781
O    2.8500000000   4.85307500000  2.8500000000      -0.844057  1.2     3.2     0.223435    0.27708 
O    2.8500000000   2.85000000000  4.8530750000      -0.844057  1.2     3.2     0.223435    0.27708
--------------------------------------------------------------------------
/home/ehsan/works/cent3_double_chi/chi_from_qat/MgO_4_atom_compressed/007
 chi_2 and hardness_2, chi_var_1, chi_var_2
 -1.318389E-01 -1.318389E-01  1.300587E-02  1.300587E-02  0.000000E+00  0.000000E+00  0.000000E+00  0.000000E+00  5.551115E-17  2.742839E-18
         qat_1         qat_2         q_tot         q_inp
 -2.199464E-01  1.073475E+00  8.535290E-01  8.535290E-01
 -2.199464E-01  1.073475E+00  8.535290E-01  8.535290E-01
 -3.204490E-01 -5.330800E-01 -8.535290E-01 -8.535290E-01
 -3.204490E-01 -5.330800E-01 -8.535290E-01 -8.535290E-01
4       x               y               z               q       gw_1    gw_2    hardness_1  chi_1       
Mg 2.790000000   2.790000000   2.7900000000           0.853529   1.0     1.5     0.143322   -0.13781
Mg 2.790000000   4.750905000   4.7509050000           0.853529   1.0     1.5     0.143322   -0.13781
O  2.790000000   4.750905000   2.7900000000          -0.853529   1.2     3.2     0.223435    0.27708 
O  2.790000000   2.790000000   4.7509050000          -0.853529   1.2     3.2     0.223435    0.27708
--------------------------------------------------------------------------
/home/ehsan/works/cent3_double_chi/chi_from_qat/MgO_4_atom_compressed/010
 chi_2 and hardness_2, chi_var_1, chi_var_2
 -1.416901E-01 -1.416901E-01  2.470966E-02  2.470966E-02  0.000000E+00  0.000000E+00  0.000000E+00  0.000000E+00  8.326673E-17  2.081668E-17
         qat_1         qat_2         q_tot         q_inp
 -2.770285E-01  1.145606E+00  8.685770E-01  8.685770E-01
 -2.770285E-01  1.145606E+00  8.685770E-01  8.685770E-01
 -2.811324E-01 -5.874446E-01 -8.685770E-01 -8.685770E-01
 -2.811324E-01 -5.874446E-01 -8.685770E-01 -8.685770E-01
4       x               y               z               q       gw_1    gw_2    hardness_1  chi_1       
Mg  2.70000000000   2.70000000000   2.70000000000   0.868577    1.0     1.5     0.143322    -0.13781
Mg  2.70000000000   4.59765000000   4.59765000000   0.868577    1.0     1.5     0.143322    -0.13781
O   2.70000000000   4.59765000000   2.70000000000  -0.868577    1.2     3.2     0.223435    0.27708 
O   2.70000000000   2.70000000000   4.59765000000  -0.868577    1.2     3.2     0.223435    0.27708
--------------------------------------------------------------------------
/home/ehsan/works/cent3_double_chi/chi_from_qat/MgO_4_atom_compressed/012
 chi_2 and hardness_2, chi_var_1, chi_var_2
 -1.501477E-01 -1.501477E-01  3.583687E-02  3.583687E-02  0.000000E+00  0.000000E+00  0.000000E+00  0.000000E+00  7.076311E-17  3.832129E-17
         qat_1         qat_2         q_tot         q_inp
 -3.275578E-01  1.206648E+00  8.790900E-01  8.790900E-01
 -3.275578E-01  1.206648E+00  8.790900E-01  8.790900E-01
 -2.465079E-01 -6.325821E-01 -8.790900E-01 -8.790900E-01
 -2.465079E-01 -6.325821E-01 -8.790900E-01 -8.790900E-01
4       x               y               z               q       gw_1    gw_2    hardness_1  chi_1       
Mg   2.640000000   2.640000000   2.640000000         0.879090   1.0     1.5     0.143322    -0.13781
Mg   2.640000000   4.495480000   4.495480000         0.879090   1.0     1.5     0.143322    -0.13781
O    2.640000000   4.495480000   2.640000000        -0.879090   1.2     3.2     0.223435    0.27708 
O    2.640000000   2.640000000   4.495480000        -0.879090   1.2     3.2     0.223435    0.27708
--------------------------------------------------------------------------
/home/ehsan/works/cent3_double_chi/chi_from_qat/MgO_4_atom_compressed/015
 chi_2 and hardness_2, chi_var_1, chi_var_2
 -1.666375E-01 -1.666375E-01  5.957850E-02  5.957850E-02  0.000000E+00  0.000000E+00  0.000000E+00  0.000000E+00  2.775558E-17  6.938894E-18
         qat_1         qat_2         q_tot         q_inp
 -4.288158E-01  1.323993E+00  8.951770E-01  8.951770E-01
 -4.288158E-01  1.323993E+00  8.951770E-01  8.951770E-01
 -1.770625E-01 -7.181145E-01 -8.951770E-01 -8.951770E-01
 -1.770625E-01 -7.181145E-01 -8.951770E-01 -8.951770E-01
4       x               y               z               q       gw_1    gw_2    hardness_1  chi_1       
Mg  2.550000000   2.5500000000  2.550000000       0.895177      1.0     1.5     0.143322    -0.13781
Mg  2.550000000   4.3422250000  4.342225000       0.895177      1.0     1.5     0.143322    -0.13781
O   2.550000000   4.3422250000  2.550000000      -0.895177      1.2     3.2     0.223435    0.27708 
O   2.550000000   2.5500000000  4.342225000      -0.895177      1.2     3.2     0.223435    0.27708
--------------------------------------------------------------------------
/home/ehsan/works/cent3_double_chi/chi_from_qat/MgO_4_atom_compressed/020
 chi_2 and hardness_2, chi_var_1, chi_var_2
 -2.095932E-01 -2.095932E-01  1.294913E-01  1.294913E-01  0.000000E+00  0.000000E+00  0.000000E+00  0.000000E+00  0.000000E+00  7.076311E-17
         qat_1         qat_2         q_tot         q_inp
 -7.027593E-01  1.623094E+00  9.203350E-01  9.203350E-01
 -7.027593E-01  1.623094E+00  9.203350E-01  9.203350E-01
  1.251125E-02 -9.328463E-01 -9.203350E-01 -9.203350E-01
  1.251125E-02 -9.328463E-01 -9.203350E-01 -9.203350E-01
4       x               y               z               q       gw_1    gw_2    hardness_1  chi_1       
Mg  2.400000000   2.4000000000  2.4000000000          0.920335  1.0     1.5     0.143322    -0.13781
Mg  2.400000000   4.0868000000  4.0868000000          0.920335  1.0     1.5     0.143322    -0.13781
O   2.400000000   4.0868000000  2.4000000000         -0.920335  1.2     3.2     0.223435    0.27708 
O   2.400000000   2.4000000000  4.0868000000         -0.920335  1.2     3.2     0.223435    0.27708
--------------------------------------------------------------------------
/home/ehsan/works/cent3_double_chi/chi_from_qat/MgO_4_atom_compressed/025
 chi_2 and hardness_2, chi_var_1, chi_var_2
 -2.943489E-01 -2.943489E-01  2.837877E-01  2.837877E-01  0.000000E+00  0.000000E+00  0.000000E+00  0.000000E+00  5.551115E-17  0.000000E+00
         qat_1         qat_2         q_tot         q_inp
 -1.263308E+00  2.202411E+00  9.391030E-01  9.391030E-01
 -1.263308E+00  2.202411E+00  9.391030E-01  9.391030E-01
  4.048631E-01 -1.343966E+00 -9.391030E-01 -9.391030E-01
  4.048631E-01 -1.343966E+00 -9.391030E-01 -9.391030E-01
4       x               y               z               q       gw_1    gw_2    hardness_1  chi_1       
Mg  2.250000000   2.250000000   2.250000000           0.939103   1.0     1.5     0.143322    -0.13781
Mg  2.250000000   3.831375000   3.831375000           0.939103   1.0     1.5     0.143322    -0.13781
O   2.250000000   3.831375000   2.250000000          -0.939103   1.2     3.2     0.223435    0.27708 
O   2.250000000   2.250000000   3.831375000          -0.939103   1.2     3.2     0.223435    0.27708
--------------------------------------------------------------------------
/home/ehsan/works/cent3_double_chi/chi_from_qat/MgO_4_atom_compressed/030
 chi_2 and hardness_2, chi_var_1, chi_var_2
 -5.659694E-01 -5.659694E-01  8.119328E-01  8.119328E-01  0.000000E+00  0.000000E+00  0.000000E+00  0.000000E+00  4.440892E-16  1.755417E-16
         qat_1         qat_2         q_tot         q_inp
 -3.102571E+00  4.052571E+00  9.500000E-01  9.500000E-01
 -3.102571E+00  4.052571E+00  9.500000E-01  9.500000E-01
  1.695875E+00 -2.645875E+00 -9.500000E-01 -9.500000E-01
  1.695875E+00 -2.645875E+00 -9.500000E-01 -9.500000E-01
4       x               y               z               q       gw_1    gw_2    hardness_1  chi_1       
Mg  2.100000        2.100000        2.100000        0.950000   1.0     1.5     0.143322    -0.13781
Mg  2.100000        3.575950        3.575950        0.950000   1.0     1.5     0.143322    -0.13781
O   2.100000        3.575950        2.100000       -0.950000   1.2     3.2     0.223435    0.27708 
O   2.100000        2.100000        3.575950       -0.950000   1.2     3.2     0.223435    0.27708
--------------------------------------------------------------------------
