/home/ehsan/works/cent3_double_chi/chi_from_qat/MgO_4_atom_compressed/000
 chi_2 and hardness_2, chi_var_1, chi_var_2
 -1.171842E-02 -1.171842E-02 -1.354530E-02 -1.354530E-02  0.000000E+00  0.000000E+00  0.000000E+00  0.000000E+00  1.908196E-17  3.989864E-17
         qat_1         qat_2         q_tot         q_inp
  3.752634E-01  4.470326E-01  8.222960E-01  8.222960E-01
  3.752634E-01  4.470326E-01  8.222960E-01  8.222960E-01
 -6.542962E-01 -1.679998E-01 -8.222960E-01 -8.222960E-01
 -6.542962E-01 -1.679998E-01 -8.222960E-01 -8.222960E-01
4       x               y               z               q       gw_1    gw_2    hardness_1  chi_1       
Mg    3.00000000   3.00000000   3.000000000        0.822296     1.0     2.1     0.143322    -0.13781
Mg    3.00000000   5.10850000   5.108500000        0.822296     1.0     2.1     0.143322    -0.13781
O     3.00000000   5.10850000   3.000000000       -0.822296     1.2     2.7     0.223435     0.27708 
O     3.00000000   3.00000000   5.108500000       -0.822296     1.2     2.7     0.223435     0.27708
--------------------------------------------------------------------------
/home/ehsan/works/cent3_double_chi/chi_from_qat/MgO_4_atom_compressed/001
 chi_2 and hardness_2, chi_var_1, chi_var_2
 -1.137770E-02 -1.137770E-02 -1.478408E-02 -1.478400E-02  0.000000E+00  0.000000E+00  0.000000E+00  0.000000E+00  2.775558E-17  3.977023E-08
         qat_1         qat_2         q_tot         q_inp
  3.816784E-01  4.447066E-01  8.263850E-01  8.263850E-01
  3.816784E-01  4.447066E-01  8.263850E-01  8.263850E-01
 -6.591400E-01 -1.672440E-01 -8.263840E-01 -8.263840E-01
 -6.591396E-01 -1.672464E-01 -8.263860E-01 -8.263860E-01
4       x               y               z               q       gw_1    gw_2    hardness_1  chi_1       
Mg    2.970000      2.9700000       2.9700000    0.826385       1.0     2.1     0.143322    -0.13781
Mg    2.970000      5.0574150       5.0574150    0.826385       1.0     2.1     0.143322    -0.13781
O     2.970000      5.0574150       2.9700000   -0.826384       1.2     2.7     0.223435    0.27708 
O     2.970000      2.9700000       5.0574150   -0.826386       1.2     2.7     0.223435    0.27708
--------------------------------------------------------------------------
/home/ehsan/works/cent3_double_chi/chi_from_qat/MgO_4_atom_compressed/002
 chi_2 and hardness_2, chi_var_1, chi_var_2
 -1.105092E-02 -1.105092E-02 -1.604388E-02 -1.604388E-02  0.000000E+00  0.000000E+00  0.000000E+00  0.000000E+00  1.318390E-16  1.916065E-17
         qat_1         qat_2         q_tot         q_inp
  3.881376E-01  4.425544E-01  8.306920E-01  8.306920E-01
  3.881376E-01  4.425544E-01  8.306920E-01  8.306920E-01
 -6.640650E-01 -1.666270E-01 -8.306920E-01 -8.306920E-01
 -6.640650E-01 -1.666270E-01 -8.306920E-01 -8.306920E-01
4       x               y               z               q       gw_1    gw_2    hardness_1  chi_1       
Mg   2.9400000      2.94000000       2.9400000        0.830692  1.0     2.1     0.143322    -0.13781
Mg   2.9400000      5.00633000       5.0063300        0.830692  1.0     2.1     0.143322    -0.13781
O    2.9400000      5.00633000       2.9400000       -0.830692  1.2     2.7     0.223435    0.27708 
O    2.9400000      2.94000000       5.0063300       -0.830692  1.2     2.7     0.223435    0.27708
--------------------------------------------------------------------------
/home/ehsan/works/cent3_double_chi/chi_from_qat/MgO_4_atom_compressed/003
 chi_2 and hardness_2, chi_var_1, chi_var_2
 -1.072966E-02 -1.072966E-02 -1.732363E-02 -1.732360E-02  0.000000E+00  0.000000E+00  0.000000E+00  0.000000E+00  1.387779E-17  1.929028E-08
         qat_1         qat_2         q_tot         q_inp
  3.946947E-01  4.403723E-01  8.350670E-01  8.350670E-01
  3.946947E-01  4.403723E-01  8.350670E-01  8.350670E-01
 -6.690955E-01 -1.659715E-01 -8.350670E-01 -8.350670E-01
 -6.690953E-01 -1.659727E-01 -8.350680E-01 -8.350680E-01
4       x               y               z               q       gw_1    gw_2    hardness_1  chi_1       
Mg   2.910000000    2.9100000000      2.91000000   0.835067     1.0     2.1     0.143322    -0.13781
Mg   2.910000000    4.9552450000      4.95524500   0.835067     1.0     2.1     0.143322    -0.13781
O    2.910000000    4.9552450000      2.91000000  -0.835067     1.2     2.7     0.223435    0.27708 
O    2.910000000    2.9100000000      4.95524500  -0.835068     1.2     2.7     0.223435    0.27708
--------------------------------------------------------------------------
/home/ehsan/works/cent3_double_chi/chi_from_qat/MgO_4_atom_compressed/004
 chi_2 and hardness_2, chi_var_1, chi_var_2
 -1.041329E-02 -1.041329E-02 -1.862365E-02 -1.862365E-02  0.000000E+00  0.000000E+00  0.000000E+00  0.000000E+00  4.163336E-17  1.734723E-17
         qat_1         qat_2         q_tot         q_inp
  4.013551E-01  4.381359E-01  8.394910E-01  8.394910E-01
  4.013551E-01  4.381359E-01  8.394910E-01  8.394910E-01
 -6.742366E-01 -1.652544E-01 -8.394910E-01 -8.394910E-01
 -6.742366E-01 -1.652544E-01 -8.394910E-01 -8.394910E-01
4       x               y               z               q       gw_1    gw_2    hardness_1  chi_1       
Mg  2.8800000000   2.8800000000   2.8800000000        0.839491  1.0     2.1     0.143322    -0.13781
Mg  2.8800000000   4.9041600000   4.9041600000        0.839491  1.0     2.1     0.143322    -0.13781
O   2.8800000000   4.9041600000   2.8800000000       -0.839491  1.2     2.7     0.223435    0.27708 
O   2.8800000000   2.8800000000   4.9041600000       -0.839491  1.2     2.7     0.223435    0.27708
--------------------------------------------------------------------------
/home/ehsan/works/cent3_double_chi/chi_from_qat/MgO_4_atom_compressed/005
 chi_2 and hardness_2, chi_var_1, chi_var_2
 -1.010644E-02 -1.010644E-02 -1.994436E-02 -1.994436E-02  0.000000E+00  0.000000E+00  0.000000E+00  0.000000E+00  9.714451E-17  4.163336E-17
         qat_1         qat_2         q_tot         q_inp
  4.080869E-01  4.359701E-01  8.440570E-01  8.440570E-01
  4.080869E-01  4.359701E-01  8.440570E-01  8.440570E-01
 -6.794735E-01 -1.645835E-01 -8.440570E-01 -8.440570E-01
 -6.794735E-01 -1.645835E-01 -8.440570E-01 -8.440570E-01
4       x               y               z               q       gw_1    gw_2    hardness_1  chi_1       
Mg   2.8500000000   2.85000000000  2.8500000000       0.844057  1.0     2.1     0.143322    -0.13781
Mg   2.8500000000   4.85307500000  4.8530750000       0.844057  1.0     2.1     0.143322    -0.13781
O    2.8500000000   4.85307500000  2.8500000000      -0.844057  1.2     2.7     0.223435    0.27708 
O    2.8500000000   2.85000000000  4.8530750000      -0.844057  1.2     2.7     0.223435    0.27708
--------------------------------------------------------------------------
/home/ehsan/works/cent3_double_chi/chi_from_qat/MgO_4_atom_compressed/007
 chi_2 and hardness_2, chi_var_1, chi_var_2
 -9.516866E-03 -9.516866E-03 -2.264776E-02 -2.264776E-02  0.000000E+00  0.000000E+00  0.000000E+00  0.000000E+00  7.632783E-17  1.387779E-17
         qat_1         qat_2         q_tot         q_inp
  4.217910E-01  4.317380E-01  8.535290E-01  8.535290E-01
  4.217910E-01  4.317380E-01  8.535290E-01  8.535290E-01
 -6.902514E-01 -1.632776E-01 -8.535290E-01 -8.535290E-01
 -6.902514E-01 -1.632776E-01 -8.535290E-01 -8.535290E-01
4       x               y               z               q       gw_1    gw_2    hardness_1  chi_1       
Mg 2.790000000   2.790000000   2.7900000000           0.853529   1.0     2.1     0.143322   -0.13781
Mg 2.790000000   4.750905000   4.7509050000           0.853529   1.0     2.1     0.143322   -0.13781
O  2.790000000   4.750905000   2.7900000000          -0.853529   1.2     2.7     0.223435    0.27708 
O  2.790000000   2.790000000   4.7509050000          -0.853529   1.2     2.7     0.223435    0.27708
--------------------------------------------------------------------------
/home/ehsan/works/cent3_double_chi/chi_from_qat/MgO_4_atom_compressed/010
 chi_2 and hardness_2, chi_var_1, chi_var_2
 -8.691858E-03 -8.691858E-03 -2.685745E-02 -2.685745E-02  0.000000E+00  0.000000E+00  0.000000E+00  0.000000E+00  2.775558E-17  5.551115E-17
         qat_1         qat_2         q_tot         q_inp
  4.429358E-01  4.256412E-01  8.685770E-01  8.685770E-01
  4.429358E-01  4.256412E-01  8.685770E-01  8.685770E-01
 -7.071823E-01 -1.613947E-01 -8.685770E-01 -8.685770E-01
 -7.071823E-01 -1.613947E-01 -8.685770E-01 -8.685770E-01
4       x               y               z               q       gw_1    gw_2    hardness_1  chi_1       
Mg  2.70000000000   2.70000000000   2.70000000000   0.868577    1.0     2.1     0.143322    -0.13781
Mg  2.70000000000   4.59765000000   4.59765000000   0.868577    1.0     2.1     0.143322    -0.13781
O   2.70000000000   4.59765000000   2.70000000000  -0.868577    1.2     2.7     0.223435    0.27708 
O   2.70000000000   2.70000000000   4.59765000000  -0.868577    1.2     2.7     0.223435    0.27708
--------------------------------------------------------------------------
/home/ehsan/works/cent3_double_chi/chi_from_qat/MgO_4_atom_compressed/012
 chi_2 and hardness_2, chi_var_1, chi_var_2
 -8.176559E-03 -8.176559E-03 -2.976534E-02 -2.976534E-02  0.000000E+00  0.000000E+00  0.000000E+00  0.000000E+00  5.551115E-17  5.551115E-17
         qat_1         qat_2         q_tot         q_inp
  4.574346E-01  4.216554E-01  8.790900E-01  8.790900E-01
  4.574346E-01  4.216554E-01  8.790900E-01  8.790900E-01
 -7.189890E-01 -1.601010E-01 -8.790900E-01 -8.790900E-01
 -7.189890E-01 -1.601010E-01 -8.790900E-01 -8.790900E-01
4       x               y               z               q       gw_1    gw_2    hardness_1  chi_1       
Mg   2.640000000   2.640000000   2.640000000         0.879090   1.0     2.1     0.143322    -0.13781
Mg   2.640000000   4.495480000   4.495480000         0.879090   1.0     2.1     0.143322    -0.13781
O    2.640000000   4.495480000   2.640000000        -0.879090   1.2     2.7     0.223435    0.27708 
O    2.640000000   2.640000000   4.495480000        -0.879090   1.2     2.7     0.223435    0.27708
--------------------------------------------------------------------------
/home/ehsan/works/cent3_double_chi/chi_from_qat/MgO_4_atom_compressed/015
 chi_2 and hardness_2, chi_var_1, chi_var_2
 -7.431303E-03 -7.431303E-03 -3.427300E-02 -3.427300E-02  0.000000E+00  0.000000E+00  0.000000E+00  0.000000E+00  1.526557E-16  9.714451E-17
         qat_1         qat_2         q_tot         q_inp
  4.798960E-01  4.152810E-01  8.951770E-01  8.951770E-01
  4.798960E-01  4.152810E-01  8.951770E-01  8.951770E-01
 -7.375377E-01 -1.576393E-01 -8.951770E-01 -8.951770E-01
 -7.375377E-01 -1.576393E-01 -8.951770E-01 -8.951770E-01
4       x               y               z               q       gw_1    gw_2    hardness_1  chi_1       
Mg  2.550000000   2.5500000000  2.550000000       0.895177      1.0     2.1     0.143322    -0.13781
Mg  2.550000000   4.3422250000  4.342225000       0.895177      1.0     2.1     0.143322    -0.13781
O   2.550000000   4.3422250000  2.550000000      -0.895177      1.2     2.7     0.223435    0.27708 
O   2.550000000   2.5500000000  4.342225000      -0.895177      1.2     2.7     0.223435    0.27708
--------------------------------------------------------------------------
/home/ehsan/works/cent3_double_chi/chi_from_qat/MgO_4_atom_compressed/020
 chi_2 and hardness_2, chi_var_1, chi_var_2
 -6.106019E-03 -6.106019E-03 -4.214339E-02 -4.214339E-02  0.000000E+00  0.000000E+00  0.000000E+00  0.000000E+00  6.938894E-17  6.938894E-17
         qat_1         qat_2         q_tot         q_inp
  5.200630E-01  4.002720E-01  9.203350E-01  9.203350E-01
  5.200630E-01  4.002720E-01  9.203350E-01  9.203350E-01
 -7.711370E-01 -1.491980E-01 -9.203350E-01 -9.203350E-01
 -7.711370E-01 -1.491980E-01 -9.203350E-01 -9.203350E-01
4       x               y               z               q       gw_1    gw_2    hardness_1  chi_1       
Mg  2.400000000   2.4000000000  2.4000000000          0.920335  1.0     2.1     0.143322    -0.13781
Mg  2.400000000   4.0868000000  4.0868000000          0.920335  1.0     2.1     0.143322    -0.13781
O   2.400000000   4.0868000000  2.4000000000         -0.920335  1.2     2.7     0.223435    0.27708 
O   2.400000000   2.4000000000  4.0868000000         -0.920335  1.2     2.7     0.223435    0.27708
--------------------------------------------------------------------------
/home/ehsan/works/cent3_double_chi/chi_from_qat/MgO_4_atom_compressed/025
 chi_2 and hardness_2, chi_var_1, chi_var_2
 -4.379749E-03 -4.379749E-03 -5.041133E-02 -5.041133E-02  0.000000E+00  0.000000E+00  0.000000E+00  0.000000E+00  0.000000E+00  4.163336E-17
         qat_1         qat_2         q_tot         q_inp
  5.652217E-01  3.738813E-01  9.391030E-01  9.391030E-01
  5.652217E-01  3.738813E-01  9.391030E-01  9.391030E-01
 -8.090274E-01 -1.300756E-01 -9.391030E-01 -9.391030E-01
 -8.090274E-01 -1.300756E-01 -9.391030E-01 -9.391030E-01
4       x               y               z               q       gw_1    gw_2    hardness_1  chi_1       
Mg  2.250000000   2.250000000   2.250000000           0.939103   1.0     2.1     0.143322    -0.13781
Mg  2.250000000   3.831375000   3.831375000           0.939103   1.0     2.1     0.143322    -0.13781
O   2.250000000   3.831375000   2.250000000          -0.939103   1.2     2.7     0.223435    0.27708 
O   2.250000000   2.250000000   3.831375000          -0.939103   1.2     2.7     0.223435    0.27708
--------------------------------------------------------------------------
/home/ehsan/works/cent3_double_chi/chi_from_qat/MgO_4_atom_compressed/030
 chi_2 and hardness_2, chi_var_1, chi_var_2
 -2.097030E-03 -2.097030E-03 -5.902945E-02 -5.902945E-02  0.000000E+00  0.000000E+00  0.000000E+00  0.000000E+00  1.387779E-17  2.775558E-17
         qat_1         qat_2         q_tot         q_inp
  6.157863E-01  3.342137E-01  9.500000E-01  9.500000E-01
  6.157863E-01  3.342137E-01  9.500000E-01  9.500000E-01
 -8.516032E-01 -9.839677E-02 -9.500000E-01 -9.500000E-01
 -8.516032E-01 -9.839677E-02 -9.500000E-01 -9.500000E-01
4       x               y               z               q       gw_1    gw_2    hardness_1  chi_1       
Mg  2.100000        2.100000        2.100000        0.950000   1.0     2.1     0.143322    -0.13781
Mg  2.100000        3.575950        3.575950        0.950000   1.0     2.1     0.143322    -0.13781
O   2.100000        3.575950        2.100000       -0.950000   1.2     2.7     0.223435    0.27708 
O   2.100000        2.100000        3.575950       -0.950000   1.2     2.7     0.223435    0.27708
--------------------------------------------------------------------------
