/home/ehsan/works/cent3_double_chi/chi_from_qat/MgO_4_atom_compressed/000
 chi_2 and hardness_2, chi_var_1, chi_var_2
 -8.579593E-03 -8.579593E-03  3.389238E-03  3.389238E-03  0.000000E+00  0.000000E+00  0.000000E+00  0.000000E+00  2.081668E-17  7.979728E-17
         qat_1         qat_2         q_tot         q_inp
  4.002858E-01  4.220102E-01  8.222960E-01  8.222960E-01
  4.002858E-01  4.220102E-01  8.222960E-01  8.222960E-01
 -9.248028E-01  1.025068E-01 -8.222960E-01 -8.222960E-01
 -9.248028E-01  1.025068E-01 -8.222960E-01 -8.222960E-01
4       x               y               z               q       gw_1    gw_2    hardness_1  chi_1       
Mg    3.00000000   3.00000000   3.000000000        0.822296     1.0     2.1     0.143322    -0.13781
Mg    3.00000000   5.10850000   5.108500000        0.822296     1.0     2.1     0.143322    -0.13781
O     3.00000000   5.10850000   3.000000000       -0.822296     1.6     2.7     0.223435     0.27708 
O     3.00000000   3.00000000   5.108500000       -0.822296     1.6     2.7     0.223435     0.27708
--------------------------------------------------------------------------
/home/ehsan/works/cent3_double_chi/chi_from_qat/MgO_4_atom_compressed/001
 chi_2 and hardness_2, chi_var_1, chi_var_2
 -8.322035E-03 -8.322035E-03  2.588143E-03  2.588225E-03  0.000000E+00  0.000000E+00  0.000000E+00  0.000000E+00  1.179612E-16  4.110896E-08
         qat_1         qat_2         q_tot         q_inp
  4.054511E-01  4.209339E-01  8.263850E-01  8.263850E-01
  4.054511E-01  4.209339E-01  8.263850E-01  8.263850E-01
 -9.296120E-01  1.032280E-01 -8.263840E-01 -8.263840E-01
 -9.296115E-01  1.032255E-01 -8.263860E-01 -8.263860E-01
4       x               y               z               q       gw_1    gw_2    hardness_1  chi_1       
Mg    2.970000      2.9700000       2.9700000    0.826385       1.0     2.1     0.143322    -0.13781
Mg    2.970000      5.0574150       5.0574150    0.826385       1.0     2.1     0.143322    -0.13781
O     2.970000      5.0574150       2.9700000   -0.826384       1.6     2.7     0.223435    0.27708 
O     2.970000      2.9700000       5.0574150   -0.826386       1.6     2.7     0.223435    0.27708
--------------------------------------------------------------------------
/home/ehsan/works/cent3_double_chi/chi_from_qat/MgO_4_atom_compressed/002
 chi_2 and hardness_2, chi_var_1, chi_var_2
 -8.080185E-03 -8.080185E-03  1.780445E-03  1.780445E-03  0.000000E+00  0.000000E+00  0.000000E+00  0.000000E+00  6.938894E-17  9.714451E-17
         qat_1         qat_2         q_tot         q_inp
  4.105673E-01  4.201247E-01  8.306920E-01  8.306920E-01
  4.105673E-01  4.201247E-01  8.306920E-01  8.306920E-01
 -9.344524E-01  1.037604E-01 -8.306920E-01 -8.306920E-01
 -9.344524E-01  1.037604E-01 -8.306920E-01 -8.306920E-01
4       x               y               z               q       gw_1    gw_2    hardness_1  chi_1       
Mg   2.9400000      2.94000000       2.9400000        0.830692  1.0     2.1     0.143322    -0.13781
Mg   2.9400000      5.00633000       5.0063300        0.830692  1.0     2.1     0.143322    -0.13781
O    2.9400000      5.00633000       2.9400000       -0.830692  1.6     2.7     0.223435    0.27708 
O    2.9400000      2.94000000       5.0063300       -0.830692  1.6     2.7     0.223435    0.27708
--------------------------------------------------------------------------
/home/ehsan/works/cent3_double_chi/chi_from_qat/MgO_4_atom_compressed/003
 chi_2 and hardness_2, chi_var_1, chi_var_2
 -7.847136E-03 -7.847136E-03  9.686720E-04  9.687118E-04  0.000000E+00  0.000000E+00  0.000000E+00  0.000000E+00  1.457168E-16  1.993779E-08
         qat_1         qat_2         q_tot         q_inp
  4.156763E-01  4.193907E-01  8.350670E-01  8.350670E-01
  4.156763E-01  4.193907E-01  8.350670E-01  8.350670E-01
 -9.393313E-01  1.042643E-01 -8.350670E-01 -8.350670E-01
 -9.393310E-01  1.042630E-01 -8.350680E-01 -8.350680E-01
4       x               y               z               q       gw_1    gw_2    hardness_1  chi_1       
Mg   2.910000000    2.9100000000      2.91000000   0.835067     1.0     2.1     0.143322    -0.13781
Mg   2.910000000    4.9552450000      4.95524500   0.835067     1.0     2.1     0.143322    -0.13781
O    2.910000000    4.9552450000      2.91000000  -0.835067     1.6     2.7     0.223435    0.27708 
O    2.910000000    2.9100000000      4.95524500  -0.835068     1.6     2.7     0.223435    0.27708
--------------------------------------------------------------------------
/home/ehsan/works/cent3_double_chi/chi_from_qat/MgO_4_atom_compressed/004
 chi_2 and hardness_2, chi_var_1, chi_var_2
 -7.622513E-03 -7.622513E-03  1.530913E-04  1.530913E-04  0.000000E+00  0.000000E+00  0.000000E+00  0.000000E+00  1.387779E-17  1.387779E-17
         qat_1         qat_2         q_tot         q_inp
  4.207783E-01  4.187127E-01  8.394910E-01  8.394910E-01
  4.207783E-01  4.187127E-01  8.394910E-01  8.394910E-01
 -9.442483E-01  1.047573E-01 -8.394910E-01 -8.394910E-01
 -9.442483E-01  1.047573E-01 -8.394910E-01 -8.394910E-01
4       x               y               z               q       gw_1    gw_2    hardness_1  chi_1       
Mg  2.8800000000   2.8800000000   2.8800000000        0.839491  1.0     2.1     0.143322    -0.13781
Mg  2.8800000000   4.9041600000   4.9041600000        0.839491  1.0     2.1     0.143322    -0.13781
O   2.8800000000   4.9041600000   2.8800000000       -0.839491  1.6     2.7     0.223435    0.27708 
O   2.8800000000   2.8800000000   4.9041600000       -0.839491  1.6     2.7     0.223435    0.27708
--------------------------------------------------------------------------
/home/ehsan/works/cent3_double_chi/chi_from_qat/MgO_4_atom_compressed/005
 chi_2 and hardness_2, chi_var_1, chi_var_2
 -7.410012E-03 -7.410012E-03 -6.669216E-04 -6.669216E-04  0.000000E+00  0.000000E+00  0.000000E+00  0.000000E+00  6.938894E-18  2.775558E-17
         qat_1         qat_2         q_tot         q_inp
  4.258425E-01  4.182145E-01  8.440570E-01  8.440570E-01
  4.258425E-01  4.182145E-01  8.440570E-01  8.440570E-01
 -9.491938E-01  1.051368E-01 -8.440570E-01 -8.440570E-01
 -9.491938E-01  1.051368E-01 -8.440570E-01 -8.440570E-01
4       x               y               z               q       gw_1    gw_2    hardness_1  chi_1       
Mg   2.8500000000   2.85000000000  2.8500000000       0.844057  1.0     2.1     0.143322    -0.13781
Mg   2.8500000000   4.85307500000  4.8530750000       0.844057  1.0     2.1     0.143322    -0.13781
O    2.8500000000   4.85307500000  2.8500000000      -0.844057  1.6     2.7     0.223435    0.27708 
O    2.8500000000   2.85000000000  4.8530750000      -0.844057  1.6     2.7     0.223435    0.27708
--------------------------------------------------------------------------
/home/ehsan/works/cent3_double_chi/chi_from_qat/MgO_4_atom_compressed/007
 chi_2 and hardness_2, chi_var_1, chi_var_2
 -7.017938E-03 -7.017938E-03 -2.317822E-03 -2.317822E-03  0.000000E+00  0.000000E+00  0.000000E+00  0.000000E+00  1.804112E-16  3.642919E-17
         qat_1         qat_2         q_tot         q_inp
  4.358634E-01  4.176656E-01  8.535290E-01  8.535290E-01
  4.358634E-01  4.176656E-01  8.535290E-01  8.535290E-01
 -9.591643E-01  1.056353E-01 -8.535290E-01 -8.535290E-01
 -9.591643E-01  1.056353E-01 -8.535290E-01 -8.535290E-01
4       x               y               z               q       gw_1    gw_2    hardness_1  chi_1       
Mg 2.790000000   2.790000000   2.7900000000           0.853529   1.0     2.1     0.143322   -0.13781
Mg 2.790000000   4.750905000   4.7509050000           0.853529   1.0     2.1     0.143322   -0.13781
O  2.790000000   4.750905000   2.7900000000          -0.853529   1.6     2.7     0.223435    0.27708 
O  2.790000000   2.790000000   4.7509050000          -0.853529   1.6     2.7     0.223435    0.27708
--------------------------------------------------------------------------
/home/ehsan/works/cent3_double_chi/chi_from_qat/MgO_4_atom_compressed/010
 chi_2 and hardness_2, chi_var_1, chi_var_2
 -6.511412E-03 -6.511412E-03 -4.814764E-03 -4.814764E-03  0.000000E+00  0.000000E+00  0.000000E+00  0.000000E+00  6.115054E-17  4.380391E-17
         qat_1         qat_2         q_tot         q_inp
  4.505550E-01  4.180220E-01  8.685770E-01  8.685770E-01
  4.505550E-01  4.180220E-01  8.685770E-01  8.685770E-01
 -9.742671E-01  1.056901E-01 -8.685770E-01 -8.685770E-01
 -9.742671E-01  1.056901E-01 -8.685770E-01 -8.685770E-01
4       x               y               z               q       gw_1    gw_2    hardness_1  chi_1       
Mg  2.70000000000   2.70000000000   2.70000000000   0.868577    1.0     2.1     0.143322    -0.13781
Mg  2.70000000000   4.59765000000   4.59765000000   0.868577    1.0     2.1     0.143322    -0.13781
O   2.70000000000   4.59765000000   2.70000000000  -0.868577    1.6     2.7     0.223435    0.27708 
O   2.70000000000   2.70000000000   4.59765000000  -0.868577    1.6     2.7     0.223435    0.27708
--------------------------------------------------------------------------
/home/ehsan/works/cent3_double_chi/chi_from_qat/MgO_4_atom_compressed/012
 chi_2 and hardness_2, chi_var_1, chi_var_2
 -6.224247E-03 -6.224247E-03 -6.486255E-03 -6.486255E-03  0.000000E+00  0.000000E+00  0.000000E+00  0.000000E+00  2.775558E-17  5.464379E-17
         qat_1         qat_2         q_tot         q_inp
  4.600836E-01  4.190064E-01  8.790900E-01  8.790900E-01
  4.600836E-01  4.190064E-01  8.790900E-01  8.790900E-01
 -9.843917E-01  1.053017E-01 -8.790900E-01 -8.790900E-01
 -9.843917E-01  1.053017E-01 -8.790900E-01 -8.790900E-01
4       x               y               z               q       gw_1    gw_2    hardness_1  chi_1       
Mg   2.640000000   2.640000000   2.640000000         0.879090   1.0     2.1     0.143322    -0.13781
Mg   2.640000000   4.495480000   4.495480000         0.879090   1.0     2.1     0.143322    -0.13781
O    2.640000000   4.495480000   2.640000000        -0.879090   1.6     2.7     0.223435    0.27708 
O    2.640000000   2.640000000   4.495480000        -0.879090   1.6     2.7     0.223435    0.27708
--------------------------------------------------------------------------
/home/ehsan/works/cent3_double_chi/chi_from_qat/MgO_4_atom_compressed/015
 chi_2 and hardness_2, chi_var_1, chi_var_2
 -5.850262E-03 -5.850262E-03 -8.986222E-03 -8.986222E-03  0.000000E+00  0.000000E+00  0.000000E+00  0.000000E+00  7.459311E-17  1.040834E-17
         qat_1         qat_2         q_tot         q_inp
  4.739829E-01  4.211941E-01  8.951770E-01  8.951770E-01
  4.739829E-01  4.211941E-01  8.951770E-01  8.951770E-01
 -9.995972E-01  1.044202E-01 -8.951770E-01 -8.951770E-01
 -9.995972E-01  1.044202E-01 -8.951770E-01 -8.951770E-01
4       x               y               z               q       gw_1    gw_2    hardness_1  chi_1       
Mg  2.550000000   2.5500000000  2.550000000       0.895177      1.0     2.1     0.143322    -0.13781
Mg  2.550000000   4.3422250000  4.342225000       0.895177      1.0     2.1     0.143322    -0.13781
O   2.550000000   4.3422250000  2.550000000      -0.895177      1.6     2.7     0.223435    0.27708 
O   2.550000000   2.5500000000  4.342225000      -0.895177      1.6     2.7     0.223435    0.27708
--------------------------------------------------------------------------
/home/ehsan/works/cent3_double_chi/chi_from_qat/MgO_4_atom_compressed/020
 chi_2 and hardness_2, chi_var_1, chi_var_2
 -5.260367E-03 -5.260367E-03 -1.304883E-02 -1.304883E-02  0.000000E+00  0.000000E+00  0.000000E+00  0.000000E+00  1.457168E-16  1.075529E-16
         qat_1         qat_2         q_tot         q_inp
  4.964434E-01  4.238916E-01  9.203350E-01  9.203350E-01
  4.964434E-01  4.238916E-01  9.203350E-01  9.203350E-01
 -1.024819E+00  1.044836E-01 -9.203350E-01 -9.203350E-01
 -1.024819E+00  1.044836E-01 -9.203350E-01 -9.203350E-01
4       x               y               z               q       gw_1    gw_2    hardness_1  chi_1       
Mg  2.400000000   2.4000000000  2.4000000000          0.920335  1.0     2.1     0.143322    -0.13781
Mg  2.400000000   4.0868000000  4.0868000000          0.920335  1.0     2.1     0.143322    -0.13781
O   2.400000000   4.0868000000  2.4000000000         -0.920335  1.6     2.7     0.223435    0.27708 
O   2.400000000   2.4000000000  4.0868000000         -0.920335  1.6     2.7     0.223435    0.27708
--------------------------------------------------------------------------
/home/ehsan/works/cent3_double_chi/chi_from_qat/MgO_4_atom_compressed/025
 chi_2 and hardness_2, chi_var_1, chi_var_2
 -4.501116E-03 -4.501116E-03 -1.682808E-02 -1.682808E-02  0.000000E+00  0.000000E+00  0.000000E+00  0.000000E+00  6.938894E-18  4.857226E-17
         qat_1         qat_2         q_tot         q_inp
  5.186564E-01  4.204466E-01  9.391030E-01  9.391030E-01
  5.186564E-01  4.204466E-01  9.391030E-01  9.391030E-01
 -1.049616E+00  1.105129E-01 -9.391030E-01 -9.391030E-01
 -1.049616E+00  1.105129E-01 -9.391030E-01 -9.391030E-01
4       x               y               z               q       gw_1    gw_2    hardness_1  chi_1       
Mg  2.250000000   2.250000000   2.250000000           0.939103   1.0     2.1     0.143322    -0.13781
Mg  2.250000000   3.831375000   3.831375000           0.939103   1.0     2.1     0.143322    -0.13781
O   2.250000000   3.831375000   2.250000000          -0.939103   1.6     2.7     0.223435    0.27708 
O   2.250000000   2.250000000   3.831375000          -0.939103   1.6     2.7     0.223435    0.27708
--------------------------------------------------------------------------
/home/ehsan/works/cent3_double_chi/chi_from_qat/MgO_4_atom_compressed/030
 chi_2 and hardness_2, chi_var_1, chi_var_2
 -3.479436E-03 -3.479436E-03 -2.020091E-02 -2.020091E-02  0.000000E+00  0.000000E+00  0.000000E+00  0.000000E+00  1.873501E-16  5.551115E-17
         qat_1         qat_2         q_tot         q_inp
  5.402950E-01  4.097050E-01  9.500000E-01  9.500000E-01
  5.402950E-01  4.097050E-01  9.500000E-01  9.500000E-01
 -1.073412E+00  1.234120E-01 -9.500000E-01 -9.500000E-01
 -1.073412E+00  1.234120E-01 -9.500000E-01 -9.500000E-01
4       x               y               z               q       gw_1    gw_2    hardness_1  chi_1       
Mg  2.100000        2.100000        2.100000        0.950000   1.0     2.1     0.143322    -0.13781
Mg  2.100000        3.575950        3.575950        0.950000   1.0     2.1     0.143322    -0.13781
O   2.100000        3.575950        2.100000       -0.950000   1.6     2.7     0.223435    0.27708 
O   2.100000        2.100000        3.575950       -0.950000   1.6     2.7     0.223435    0.27708
--------------------------------------------------------------------------
