/home/ehsan/works/cent3_double_chi/chi_from_qat/MgO_4_atom_compressed/000
 chi_2 and hardness_2, chi_var_1, chi_var_2
  6.495101E+00  6.495101E+00 -7.857982E+00 -7.857982E+00  0.000000E+00  0.000000E+00  0.000000E+00  0.000000E+00  0.000000E+00  0.000000E+00
         qat_1         qat_2         q_tot         q_inp
  3.547779E+01 -3.465550E+01  8.222960E-01  8.222960E-01
  3.547779E+01 -3.465550E+01  8.222960E-01  8.222960E-01
 -1.263574E+01  1.181345E+01 -8.222960E-01 -8.222960E-01
 -1.263574E+01  1.181345E+01 -8.222960E-01 -8.222960E-01
4       x               y               z               q       gw_1    gw_2    hardness_1  chi_1       
Mg    3.00000000   3.00000000   3.000000000        0.822296     2.0     1.5     0.143322    -0.13781
Mg    3.00000000   5.10850000   5.108500000        0.822296     2.0     1.5     0.143322    -0.13781
O     3.00000000   5.10850000   3.000000000       -0.822296     1.2     3.2     0.223435     0.27708 
O     3.00000000   3.00000000   5.108500000       -0.822296     1.2     3.2     0.223435     0.27708
--------------------------------------------------------------------------
/home/ehsan/works/cent3_double_chi/chi_from_qat/MgO_4_atom_compressed/001
 chi_2 and hardness_2, chi_var_1, chi_var_2
 -1.503399E+01 -1.503399E+01  1.756052E+01  1.756052E+01  0.000000E+00  0.000000E+00  0.000000E+00  0.000000E+00  2.842171E-13  2.645379E-08
         qat_1         qat_2         q_tot         q_inp
 -7.873736E+01  7.956374E+01  8.263850E-01  8.263850E-01
 -7.873736E+01  7.956374E+01  8.263850E-01  8.263850E-01
  2.703870E+01 -2.786509E+01 -8.263840E-01 -8.263840E-01
  2.703870E+01 -2.786509E+01 -8.263860E-01 -8.263860E-01
4       x               y               z               q       gw_1    gw_2    hardness_1  chi_1       
Mg    2.970000      2.9700000       2.9700000    0.826385       2.0     1.5     0.143322    -0.13781
Mg    2.970000      5.0574150       5.0574150    0.826385       2.0     1.5     0.143322    -0.13781
O     2.970000      5.0574150       2.9700000   -0.826384       1.2     3.2     0.223435    0.27708 
O     2.970000      2.9700000       5.0574150   -0.826386       1.2     3.2     0.223435    0.27708
--------------------------------------------------------------------------
/home/ehsan/works/cent3_double_chi/chi_from_qat/MgO_4_atom_compressed/002
 chi_2 and hardness_2, chi_var_1, chi_var_2
 -3.541603E+00 -3.541603E+00  3.987546E+00  3.987546E+00  0.000000E+00  0.000000E+00  0.000000E+00  0.000000E+00  4.263256E-14  2.842171E-14
         qat_1         qat_2         q_tot         q_inp
 -1.777028E+01  1.860097E+01  8.306920E-01  8.306920E-01
 -1.777028E+01  1.860097E+01  8.306920E-01  8.306920E-01
  5.859643E+00 -6.690335E+00 -8.306920E-01 -8.306920E-01
  5.859643E+00 -6.690335E+00 -8.306920E-01 -8.306920E-01
4       x               y               z               q       gw_1    gw_2    hardness_1  chi_1       
Mg   2.9400000      2.94000000       2.9400000        0.830692  2.0     1.5     0.143322    -0.13781
Mg   2.9400000      5.00633000       5.0063300        0.830692  2.0     1.5     0.143322    -0.13781
O    2.9400000      5.00633000       2.9400000       -0.830692  1.2     3.2     0.223435    0.27708 
O    2.9400000      2.94000000       5.0063300       -0.830692  1.2     3.2     0.223435    0.27708
--------------------------------------------------------------------------
/home/ehsan/works/cent3_double_chi/chi_from_qat/MgO_4_atom_compressed/003
 chi_2 and hardness_2, chi_var_1, chi_var_2
 -2.022591E+00 -2.022591E+00  2.190917E+00  2.190917E+00  0.000000E+00  0.000000E+00  0.000000E+00  0.000000E+00  1.421085E-14  1.280166E-08
         qat_1         qat_2         q_tot         q_inp
 -9.713031E+00  1.054810E+01  8.350670E-01  8.350670E-01
 -9.713031E+00  1.054810E+01  8.350670E-01  8.350670E-01
  3.059993E+00 -3.895060E+00 -8.350670E-01 -8.350670E-01
  3.059993E+00 -3.895061E+00 -8.350680E-01 -8.350680E-01
4       x               y               z               q       gw_1    gw_2    hardness_1  chi_1       
Mg   2.910000000    2.9100000000      2.91000000   0.835067     2.0     1.5     0.143322    -0.13781
Mg   2.910000000    4.9552450000      4.95524500   0.835067     2.0     1.5     0.143322    -0.13781
O    2.910000000    4.9552450000      2.91000000  -0.835067     1.2     3.2     0.223435    0.27708 
O    2.910000000    2.9100000000      4.95524500  -0.835068     1.2     3.2     0.223435    0.27708
--------------------------------------------------------------------------
/home/ehsan/works/cent3_double_chi/chi_from_qat/MgO_4_atom_compressed/004
 chi_2 and hardness_2, chi_var_1, chi_var_2
 -1.421840E+00 -1.421840E+00  1.478481E+00  1.478481E+00  0.000000E+00  0.000000E+00  0.000000E+00  0.000000E+00  7.105427E-15  0.000000E+00
         qat_1         qat_2         q_tot         q_inp
 -6.527301E+00  7.366792E+00  8.394910E-01  8.394910E-01
 -6.527301E+00  7.366792E+00  8.394910E-01  8.394910E-01
  1.952576E+00 -2.792067E+00 -8.394910E-01 -8.394910E-01
  1.952576E+00 -2.792067E+00 -8.394910E-01 -8.394910E-01
4       x               y               z               q       gw_1    gw_2    hardness_1  chi_1       
Mg  2.8800000000   2.8800000000   2.8800000000        0.839491  2.0     1.5     0.143322    -0.13781
Mg  2.8800000000   4.9041600000   4.9041600000        0.839491  2.0     1.5     0.143322    -0.13781
O   2.8800000000   4.9041600000   2.8800000000       -0.839491  1.2     3.2     0.223435    0.27708 
O   2.8800000000   2.8800000000   4.9041600000       -0.839491  1.2     3.2     0.223435    0.27708
--------------------------------------------------------------------------
/home/ehsan/works/cent3_double_chi/chi_from_qat/MgO_4_atom_compressed/005
 chi_2 and hardness_2, chi_var_1, chi_var_2
 -1.098756E+00 -1.098756E+00  1.093787E+00  1.093787E+00  0.000000E+00  0.000000E+00  0.000000E+00  0.000000E+00  1.421085E-14  1.421085E-14
         qat_1         qat_2         q_tot         q_inp
 -4.814688E+00  5.658745E+00  8.440570E-01  8.440570E-01
 -4.814688E+00  5.658745E+00  8.440570E-01  8.440570E-01
  1.356860E+00 -2.200917E+00 -8.440570E-01 -8.440570E-01
  1.356860E+00 -2.200917E+00 -8.440570E-01 -8.440570E-01
4       x               y               z               q       gw_1    gw_2    hardness_1  chi_1       
Mg   2.8500000000   2.85000000000  2.8500000000       0.844057  2.0     1.5     0.143322    -0.13781
Mg   2.8500000000   4.85307500000  4.8530750000       0.844057  2.0     1.5     0.143322    -0.13781
O    2.8500000000   4.85307500000  2.8500000000      -0.844057  1.2     3.2     0.223435    0.27708 
O    2.8500000000   2.85000000000  4.8530750000      -0.844057  1.2     3.2     0.223435    0.27708
--------------------------------------------------------------------------
/home/ehsan/works/cent3_double_chi/chi_from_qat/MgO_4_atom_compressed/007
 chi_2 and hardness_2, chi_var_1, chi_var_2
 -7.573128E-01 -7.573128E-01  6.838809E-01  6.838809E-01  0.000000E+00  0.000000E+00  0.000000E+00  0.000000E+00  7.105427E-15  7.105427E-15
         qat_1         qat_2         q_tot         q_inp
 -3.006270E+00  3.859799E+00  8.535290E-01  8.535290E-01
 -3.006270E+00  3.859799E+00  8.535290E-01  8.535290E-01
  7.270314E-01 -1.580560E+00 -8.535290E-01 -8.535290E-01
  7.270314E-01 -1.580560E+00 -8.535290E-01 -8.535290E-01
4       x               y               z               q       gw_1    gw_2    hardness_1  chi_1       
Mg 2.790000000   2.790000000   2.7900000000           0.853529   2.0     1.5     0.143322   -0.13781
Mg 2.790000000   4.750905000   4.7509050000           0.853529   2.0     1.5     0.143322   -0.13781
O  2.790000000   4.750905000   2.7900000000          -0.853529   1.2     3.2     0.223435    0.27708 
O  2.790000000   2.790000000   4.7509050000          -0.853529   1.2     3.2     0.223435    0.27708
--------------------------------------------------------------------------
/home/ehsan/works/cent3_double_chi/chi_from_qat/MgO_4_atom_compressed/010
 chi_2 and hardness_2, chi_var_1, chi_var_2
 -5.155072E-01 -5.155072E-01  3.874051E-01  3.874051E-01  0.000000E+00  0.000000E+00  0.000000E+00  0.000000E+00  0.000000E+00  1.421085E-14
         qat_1         qat_2         q_tot         q_inp
 -1.728459E+00  2.597036E+00  8.685770E-01  8.685770E-01
 -1.728459E+00  2.597036E+00  8.685770E-01  8.685770E-01
  2.806434E-01 -1.149220E+00 -8.685770E-01 -8.685770E-01
  2.806434E-01 -1.149220E+00 -8.685770E-01 -8.685770E-01
4       x               y               z               q       gw_1    gw_2    hardness_1  chi_1       
Mg  2.70000000000   2.70000000000   2.70000000000   0.868577    2.0     1.5     0.143322    -0.13781
Mg  2.70000000000   4.59765000000   4.59765000000   0.868577    2.0     1.5     0.143322    -0.13781
O   2.70000000000   4.59765000000   2.70000000000  -0.868577    1.2     3.2     0.223435    0.27708 
O   2.70000000000   2.70000000000   4.59765000000  -0.868577    1.2     3.2     0.223435    0.27708
--------------------------------------------------------------------------
/home/ehsan/works/cent3_double_chi/chi_from_qat/MgO_4_atom_compressed/012
 chi_2 and hardness_2, chi_var_1, chi_var_2
 -4.229728E-01 -4.229728E-01  2.702939E-01  2.702939E-01  0.000000E+00  0.000000E+00  0.000000E+00  0.000000E+00  0.000000E+00  2.842171E-14
         qat_1         qat_2         q_tot         q_inp
 -1.241248E+00  2.120338E+00  8.790900E-01  8.790900E-01
 -1.241248E+00  2.120338E+00  8.790900E-01  8.790900E-01
  1.097170E-01 -9.888070E-01 -8.790900E-01 -8.790900E-01
  1.097170E-01 -9.888070E-01 -8.790900E-01 -8.790900E-01
4       x               y               z               q       gw_1    gw_2    hardness_1  chi_1       
Mg   2.640000000   2.640000000   2.640000000         0.879090   2.0     1.5     0.143322    -0.13781
Mg   2.640000000   4.495480000   4.495480000         0.879090   2.0     1.5     0.143322    -0.13781
O    2.640000000   4.495480000   2.640000000        -0.879090   1.2     3.2     0.223435    0.27708 
O    2.640000000   2.640000000   4.495480000        -0.879090   1.2     3.2     0.223435    0.27708
--------------------------------------------------------------------------
/home/ehsan/works/cent3_double_chi/chi_from_qat/MgO_4_atom_compressed/015
 chi_2 and hardness_2, chi_var_1, chi_var_2
 -3.301329E-01 -3.301329E-01  1.482684E-01  1.482684E-01  0.000000E+00  0.000000E+00  0.000000E+00  0.000000E+00  2.842171E-14  8.526513E-14
         qat_1         qat_2         q_tot         q_inp
 -7.547594E-01  1.649936E+00  8.951770E-01  8.951770E-01
 -7.547594E-01  1.649936E+00  8.951770E-01  8.951770E-01
 -6.169551E-02 -8.334815E-01 -8.951770E-01 -8.951770E-01
 -6.169551E-02 -8.334815E-01 -8.951770E-01 -8.951770E-01
4       x               y               z               q       gw_1    gw_2    hardness_1  chi_1       
Mg  2.550000000   2.5500000000  2.550000000       0.895177      2.0     1.5     0.143322    -0.13781
Mg  2.550000000   4.3422250000  4.342225000       0.895177      2.0     1.5     0.143322    -0.13781
O   2.550000000   4.3422250000  2.550000000      -0.895177      1.2     3.2     0.223435    0.27708 
O   2.550000000   2.5500000000  4.342225000      -0.895177      1.2     3.2     0.223435    0.27708
--------------------------------------------------------------------------
/home/ehsan/works/cent3_double_chi/chi_from_qat/MgO_4_atom_compressed/020
 chi_2 and hardness_2, chi_var_1, chi_var_2
 -2.376718E-01 -2.376718E-01  1.804307E-02  1.804307E-02  0.000000E+00  0.000000E+00  0.000000E+00  0.000000E+00  3.552714E-15  3.552714E-15
         qat_1         qat_2         q_tot         q_inp
 -2.751036E-01  1.195439E+00  9.203350E-01  9.203350E-01
 -2.751036E-01  1.195439E+00  9.203350E-01  9.203350E-01
 -2.314504E-01 -6.888846E-01 -9.203350E-01 -9.203350E-01
 -2.314504E-01 -6.888846E-01 -9.203350E-01 -9.203350E-01
4       x               y               z               q       gw_1    gw_2    hardness_1  chi_1       
Mg  2.400000000   2.4000000000  2.4000000000          0.920335  2.0     1.5     0.143322    -0.13781
Mg  2.400000000   4.0868000000  4.0868000000          0.920335  2.0     1.5     0.143322    -0.13781
O   2.400000000   4.0868000000  2.4000000000         -0.920335  1.2     3.2     0.223435    0.27708 
O   2.400000000   2.4000000000  4.0868000000         -0.920335  1.2     3.2     0.223435    0.27708
--------------------------------------------------------------------------
/home/ehsan/works/cent3_double_chi/chi_from_qat/MgO_4_atom_compressed/025
 chi_2 and hardness_2, chi_var_1, chi_var_2
 -1.863739E-01 -1.863739E-01 -6.161155E-02 -6.161155E-02  0.000000E+00  0.000000E+00  0.000000E+00  0.000000E+00  1.776357E-15  0.000000E+00
         qat_1         qat_2         q_tot         q_inp
 -1.357749E-02  9.526805E-01  9.391030E-01  9.391030E-01
 -1.357749E-02  9.526805E-01  9.391030E-01  9.391030E-01
 -3.233620E-01 -6.157410E-01 -9.391030E-01 -9.391030E-01
 -3.233620E-01 -6.157410E-01 -9.391030E-01 -9.391030E-01
4       x               y               z               q       gw_1    gw_2    hardness_1  chi_1       
Mg  2.250000000   2.250000000   2.250000000           0.939103   2.0     1.5     0.143322    -0.13781
Mg  2.250000000   3.831375000   3.831375000           0.939103   2.0     1.5     0.143322    -0.13781
O   2.250000000   3.831375000   2.250000000          -0.939103   1.2     3.2     0.223435    0.27708 
O   2.250000000   2.250000000   3.831375000          -0.939103   1.2     3.2     0.223435    0.27708
--------------------------------------------------------------------------
/home/ehsan/works/cent3_double_chi/chi_from_qat/MgO_4_atom_compressed/030
 chi_2 and hardness_2, chi_var_1, chi_var_2
 -1.571140E-01 -1.571140E-01 -1.121655E-01 -1.121655E-01  0.000000E+00  0.000000E+00  0.000000E+00  0.000000E+00  8.881784E-16  0.000000E+00
         qat_1         qat_2         q_tot         q_inp
  1.321898E-01  8.178102E-01  9.500000E-01  9.500000E-01
  1.321898E-01  8.178102E-01  9.500000E-01  9.500000E-01
 -3.728129E-01 -5.771871E-01 -9.500000E-01 -9.500000E-01
 -3.728129E-01 -5.771871E-01 -9.500000E-01 -9.500000E-01
4       x               y               z               q       gw_1    gw_2    hardness_1  chi_1       
Mg  2.100000        2.100000        2.100000        0.950000   2.0     1.5     0.143322    -0.13781
Mg  2.100000        3.575950        3.575950        0.950000   2.0     1.5     0.143322    -0.13781
O   2.100000        3.575950        2.100000       -0.950000   1.2     3.2     0.223435    0.27708 
O   2.100000        2.100000        3.575950       -0.950000   1.2     3.2     0.223435    0.27708
--------------------------------------------------------------------------
