/home/ehsan/works/cent3_double_chi/chi_from_qat/MgO_4_atom_compressed/000
 chi_2 and hardness_2, chi_var_1, chi_var_2
 -2.540970E-02 -2.540970E-02 -5.343498E-02 -5.343498E-02  0.000000E+00  0.000000E+00  0.000000E+00  0.000000E+00  6.938894E-18  2.775558E-17
         qat_1         qat_2         q_tot         q_inp
  3.133484E-01  5.089476E-01  8.222960E-01  8.222960E-01
  3.133484E-01  5.089476E-01  8.222960E-01  8.222960E-01
 -7.455413E-01 -7.675471E-02 -8.222960E-01 -8.222960E-01
 -7.455413E-01 -7.675471E-02 -8.222960E-01 -8.222960E-01
4       x               y               z               q       gw_1    gw_2    hardness_1  chi_1       
Mg    3.00000000   3.00000000   3.000000000        0.822296     1.0     2.1     0.143322    -0.13781
Mg    3.00000000   5.10850000   5.108500000        0.822296     1.0     2.1     0.143322    -0.13781
O     3.00000000   5.10850000   3.000000000       -0.822296     1.6     3.7     0.223435     0.27708 
O     3.00000000   3.00000000   5.108500000       -0.822296     1.6     3.7     0.223435     0.27708
--------------------------------------------------------------------------
/home/ehsan/works/cent3_double_chi/chi_from_qat/MgO_4_atom_compressed/001
 chi_2 and hardness_2, chi_var_1, chi_var_2
 -2.547167E-02 -2.547167E-02 -5.467973E-02 -5.467970E-02  0.000000E+00  0.000000E+00  0.000000E+00  0.000000E+00  2.428613E-17  1.823717E-08
         qat_1         qat_2         q_tot         q_inp
  3.160530E-01  5.103320E-01  8.263850E-01  8.263850E-01
  3.160530E-01  5.103320E-01  8.263850E-01  8.263850E-01
 -7.478915E-01 -7.849246E-02 -8.263840E-01 -8.263840E-01
 -7.478913E-01 -7.849469E-02 -8.263860E-01 -8.263860E-01
4       x               y               z               q       gw_1    gw_2    hardness_1  chi_1       
Mg    2.970000      2.9700000       2.9700000    0.826385       1.0     2.1     0.143322    -0.13781
Mg    2.970000      5.0574150       5.0574150    0.826385       1.0     2.1     0.143322    -0.13781
O     2.970000      5.0574150       2.9700000   -0.826384       1.6     3.7     0.223435    0.27708 
O     2.970000      2.9700000       5.0574150   -0.826386       1.6     3.7     0.223435    0.27708
--------------------------------------------------------------------------
/home/ehsan/works/cent3_double_chi/chi_from_qat/MgO_4_atom_compressed/002
 chi_2 and hardness_2, chi_var_1, chi_var_2
 -2.557807E-02 -2.557807E-02 -5.591452E-02 -5.591452E-02  0.000000E+00  0.000000E+00  0.000000E+00  0.000000E+00  1.387779E-17  4.906539E-18
         qat_1         qat_2         q_tot         q_inp
  3.185387E-01  5.121533E-01  8.306920E-01  8.306920E-01
  3.185387E-01  5.121533E-01  8.306920E-01  8.306920E-01
 -7.501306E-01 -8.056140E-02 -8.306920E-01 -8.306920E-01
 -7.501306E-01 -8.056140E-02 -8.306920E-01 -8.306920E-01
4       x               y               z               q       gw_1    gw_2    hardness_1  chi_1       
Mg   2.9400000      2.94000000       2.9400000        0.830692  1.0     2.1     0.143322    -0.13781
Mg   2.9400000      5.00633000       5.0063300        0.830692  1.0     2.1     0.143322    -0.13781
O    2.9400000      5.00633000       2.9400000       -0.830692  1.6     3.7     0.223435    0.27708 
O    2.9400000      2.94000000       5.0063300       -0.830692  1.6     3.7     0.223435    0.27708
--------------------------------------------------------------------------
/home/ehsan/works/cent3_double_chi/chi_from_qat/MgO_4_atom_compressed/003
 chi_2 and hardness_2, chi_var_1, chi_var_2
 -2.570576E-02 -2.570576E-02 -5.714540E-02 -5.714538E-02  0.000000E+00  0.000000E+00  0.000000E+00  0.000000E+00  4.163336E-17  8.812902E-09
         qat_1         qat_2         q_tot         q_inp
  3.209246E-01  5.141424E-01  8.350670E-01  8.350670E-01
  3.209246E-01  5.141424E-01  8.350670E-01  8.350670E-01
 -7.523211E-01 -8.274595E-02 -8.350670E-01 -8.350670E-01
 -7.523209E-01 -8.274706E-02 -8.350680E-01 -8.350680E-01
4       x               y               z               q       gw_1    gw_2    hardness_1  chi_1       
Mg   2.910000000    2.9100000000      2.91000000   0.835067     1.0     2.1     0.143322    -0.13781
Mg   2.910000000    4.9552450000      4.95524500   0.835067     1.0     2.1     0.143322    -0.13781
O    2.910000000    4.9552450000      2.91000000  -0.835067     1.6     3.7     0.223435    0.27708 
O    2.910000000    2.9100000000      4.95524500  -0.835068     1.6     3.7     0.223435    0.27708
--------------------------------------------------------------------------
/home/ehsan/works/cent3_double_chi/chi_from_qat/MgO_4_atom_compressed/004
 chi_2 and hardness_2, chi_var_1, chi_var_2
 -2.585280E-02 -2.585280E-02 -5.837214E-02 -5.837214E-02  0.000000E+00  0.000000E+00  0.000000E+00  0.000000E+00  3.469447E-17  3.469447E-17
         qat_1         qat_2         q_tot         q_inp
  3.232178E-01  5.162732E-01  8.394910E-01  8.394910E-01
  3.232178E-01  5.162732E-01  8.394910E-01  8.394910E-01
 -7.544659E-01 -8.502506E-02 -8.394910E-01 -8.394910E-01
 -7.544659E-01 -8.502506E-02 -8.394910E-01 -8.394910E-01
4       x               y               z               q       gw_1    gw_2    hardness_1  chi_1       
Mg  2.8800000000   2.8800000000   2.8800000000        0.839491  1.0     2.1     0.143322    -0.13781
Mg  2.8800000000   4.9041600000   4.9041600000        0.839491  1.0     2.1     0.143322    -0.13781
O   2.8800000000   4.9041600000   2.8800000000       -0.839491  1.6     3.7     0.223435    0.27708 
O   2.8800000000   2.8800000000   4.9041600000       -0.839491  1.6     3.7     0.223435    0.27708
--------------------------------------------------------------------------
/home/ehsan/works/cent3_double_chi/chi_from_qat/MgO_4_atom_compressed/005
 chi_2 and hardness_2, chi_var_1, chi_var_2
 -2.603512E-02 -2.603512E-02 -5.958704E-02 -5.958704E-02  0.000000E+00  0.000000E+00  0.000000E+00  0.000000E+00  3.469447E-17  4.906539E-18
         qat_1         qat_2         q_tot         q_inp
  3.253270E-01  5.187300E-01  8.440570E-01  8.440570E-01
  3.253270E-01  5.187300E-01  8.440570E-01  8.440570E-01
 -7.565091E-01 -8.754788E-02 -8.440570E-01 -8.440570E-01
 -7.565091E-01 -8.754788E-02 -8.440570E-01 -8.440570E-01
4       x               y               z               q       gw_1    gw_2    hardness_1  chi_1       
Mg   2.8500000000   2.85000000000  2.8500000000       0.844057  1.0     2.1     0.143322    -0.13781
Mg   2.8500000000   4.85307500000  4.8530750000       0.844057  1.0     2.1     0.143322    -0.13781
O    2.8500000000   4.85307500000  2.8500000000      -0.844057  1.6     3.7     0.223435    0.27708 
O    2.8500000000   2.85000000000  4.8530750000      -0.844057  1.6     3.7     0.223435    0.27708
--------------------------------------------------------------------------
/home/ehsan/works/cent3_double_chi/chi_from_qat/MgO_4_atom_compressed/007
 chi_2 and hardness_2, chi_var_1, chi_var_2
 -2.649674E-02 -2.649674E-02 -6.197752E-02 -6.197752E-02  0.000000E+00  0.000000E+00  0.000000E+00  0.000000E+00  2.081668E-17  4.857226E-17
         qat_1         qat_2         q_tot         q_inp
  3.290220E-01  5.245070E-01  8.535290E-01  8.535290E-01
  3.290220E-01  5.245070E-01  8.535290E-01  8.535290E-01
 -7.602931E-01 -9.323587E-02 -8.535290E-01 -8.535290E-01
 -7.602931E-01 -9.323587E-02 -8.535290E-01 -8.535290E-01
4       x               y               z               q       gw_1    gw_2    hardness_1  chi_1       
Mg 2.790000000   2.790000000   2.7900000000           0.853529   1.0     2.1     0.143322   -0.13781
Mg 2.790000000   4.750905000   4.7509050000           0.853529   1.0     2.1     0.143322   -0.13781
O  2.790000000   4.750905000   2.7900000000          -0.853529   1.6     3.7     0.223435    0.27708 
O  2.790000000   2.790000000   4.7509050000          -0.853529   1.6     3.7     0.223435    0.27708
--------------------------------------------------------------------------
/home/ehsan/works/cent3_double_chi/chi_from_qat/MgO_4_atom_compressed/010
 chi_2 and hardness_2, chi_var_1, chi_var_2
 -2.744972E-02 -2.744972E-02 -6.542835E-02 -6.542835E-02  0.000000E+00  0.000000E+00  0.000000E+00  0.000000E+00  5.551115E-17  9.813078E-18
         qat_1         qat_2         q_tot         q_inp
  3.330766E-01  5.355004E-01  8.685770E-01  8.685770E-01
  3.330766E-01  5.355004E-01  8.685770E-01  8.685770E-01
 -7.650501E-01 -1.035269E-01 -8.685770E-01 -8.685770E-01
 -7.650501E-01 -1.035269E-01 -8.685770E-01 -8.685770E-01
4       x               y               z               q       gw_1    gw_2    hardness_1  chi_1       
Mg  2.70000000000   2.70000000000   2.70000000000   0.868577    1.0     2.1     0.143322    -0.13781
Mg  2.70000000000   4.59765000000   4.59765000000   0.868577    1.0     2.1     0.143322    -0.13781
O   2.70000000000   4.59765000000   2.70000000000  -0.868577    1.6     3.7     0.223435    0.27708 
O   2.70000000000   2.70000000000   4.59765000000  -0.868577    1.6     3.7     0.223435    0.27708
--------------------------------------------------------------------------
/home/ehsan/works/cent3_double_chi/chi_from_qat/MgO_4_atom_compressed/012
 chi_2 and hardness_2, chi_var_1, chi_var_2
 -2.826154E-02 -2.826154E-02 -6.761320E-02 -6.761320E-02  0.000000E+00  0.000000E+00  0.000000E+00  0.000000E+00  2.775558E-17  1.387779E-17
         qat_1         qat_2         q_tot         q_inp
  3.347064E-01  5.443836E-01  8.790900E-01  8.790900E-01
  3.347064E-01  5.443836E-01  8.790900E-01  8.790900E-01
 -7.675116E-01 -1.115784E-01 -8.790900E-01 -8.790900E-01
 -7.675116E-01 -1.115784E-01 -8.790900E-01 -8.790900E-01
4       x               y               z               q       gw_1    gw_2    hardness_1  chi_1       
Mg   2.640000000   2.640000000   2.640000000         0.879090   1.0     2.1     0.143322    -0.13781
Mg   2.640000000   4.495480000   4.495480000         0.879090   1.0     2.1     0.143322    -0.13781
O    2.640000000   4.495480000   2.640000000        -0.879090   1.6     3.7     0.223435    0.27708 
O    2.640000000   2.640000000   4.495480000        -0.879090   1.6     3.7     0.223435    0.27708
--------------------------------------------------------------------------
/home/ehsan/works/cent3_double_chi/chi_from_qat/MgO_4_atom_compressed/015
 chi_2 and hardness_2, chi_var_1, chi_var_2
 -2.969851E-02 -2.969851E-02 -7.069479E-02 -7.069479E-02  0.000000E+00  0.000000E+00  0.000000E+00  0.000000E+00  1.387779E-17  2.194271E-17
         qat_1         qat_2         q_tot         q_inp
  3.356778E-01  5.594992E-01  8.951770E-01  8.951770E-01
  3.356778E-01  5.594992E-01  8.951770E-01  8.951770E-01
 -7.701426E-01 -1.250344E-01 -8.951770E-01 -8.951770E-01
 -7.701426E-01 -1.250344E-01 -8.951770E-01 -8.951770E-01
4       x               y               z               q       gw_1    gw_2    hardness_1  chi_1       
Mg  2.550000000   2.5500000000  2.550000000       0.895177      1.0     2.1     0.143322    -0.13781
Mg  2.550000000   4.3422250000  4.342225000       0.895177      1.0     2.1     0.143322    -0.13781
O   2.550000000   4.3422250000  2.550000000      -0.895177      1.6     3.7     0.223435    0.27708 
O   2.550000000   2.5500000000  4.342225000      -0.895177      1.6     3.7     0.223435    0.27708
--------------------------------------------------------------------------
/home/ehsan/works/cent3_double_chi/chi_from_qat/MgO_4_atom_compressed/020
 chi_2 and hardness_2, chi_var_1, chi_var_2
 -3.226243E-02 -3.226243E-02 -7.539725E-02 -7.539725E-02  0.000000E+00  0.000000E+00  0.000000E+00  0.000000E+00  0.000000E+00  2.194271E-17
         qat_1         qat_2         q_tot         q_inp
  3.353448E-01  5.849902E-01  9.203350E-01  9.203350E-01
  3.353448E-01  5.849902E-01  9.203350E-01  9.203350E-01
 -7.727685E-01 -1.475665E-01 -9.203350E-01 -9.203350E-01
 -7.727685E-01 -1.475665E-01 -9.203350E-01 -9.203350E-01
4       x               y               z               q       gw_1    gw_2    hardness_1  chi_1       
Mg  2.400000000   2.4000000000  2.4000000000          0.920335  1.0     2.1     0.143322    -0.13781
Mg  2.400000000   4.0868000000  4.0868000000          0.920335  1.0     2.1     0.143322    -0.13781
O   2.400000000   4.0868000000  2.4000000000         -0.920335  1.6     3.7     0.223435    0.27708 
O   2.400000000   2.4000000000  4.0868000000         -0.920335  1.6     3.7     0.223435    0.27708
--------------------------------------------------------------------------
/home/ehsan/works/cent3_double_chi/chi_from_qat/MgO_4_atom_compressed/025
 chi_2 and hardness_2, chi_var_1, chi_var_2
 -3.415070E-02 -3.415070E-02 -7.993972E-02 -7.993972E-02  0.000000E+00  0.000000E+00  0.000000E+00  0.000000E+00  1.387779E-17  1.387779E-17
         qat_1         qat_2         q_tot         q_inp
  3.371514E-01  6.019516E-01  9.391030E-01  9.391030E-01
  3.371514E-01  6.019516E-01  9.391030E-01  9.391030E-01
 -7.761855E-01 -1.629175E-01 -9.391030E-01 -9.391030E-01
 -7.761855E-01 -1.629175E-01 -9.391030E-01 -9.391030E-01
4       x               y               z               q       gw_1    gw_2    hardness_1  chi_1       
Mg  2.250000000   2.250000000   2.250000000           0.939103   1.0     2.1     0.143322    -0.13781
Mg  2.250000000   3.831375000   3.831375000           0.939103   1.0     2.1     0.143322    -0.13781
O   2.250000000   3.831375000   2.250000000          -0.939103   1.6     3.7     0.223435    0.27708 
O   2.250000000   2.250000000   3.831375000          -0.939103   1.6     3.7     0.223435    0.27708
--------------------------------------------------------------------------
/home/ehsan/works/cent3_double_chi/chi_from_qat/MgO_4_atom_compressed/030
 chi_2 and hardness_2, chi_var_1, chi_var_2
 -3.488309E-02 -3.488309E-02 -8.460202E-02 -8.460202E-02  0.000000E+00  0.000000E+00  0.000000E+00  0.000000E+00  6.938894E-18  5.551115E-17
         qat_1         qat_2         q_tot         q_inp
  3.434842E-01  6.065158E-01  9.500000E-01  9.500000E-01
  3.434842E-01  6.065158E-01  9.500000E-01  9.500000E-01
 -7.822964E-01 -1.677036E-01 -9.500000E-01 -9.500000E-01
 -7.822964E-01 -1.677036E-01 -9.500000E-01 -9.500000E-01
4       x               y               z               q       gw_1    gw_2    hardness_1  chi_1       
Mg  2.100000        2.100000        2.100000        0.950000   1.0     2.1     0.143322    -0.13781
Mg  2.100000        3.575950        3.575950        0.950000   1.0     2.1     0.143322    -0.13781
O   2.100000        3.575950        2.100000       -0.950000   1.6     3.7     0.223435    0.27708 
O   2.100000        2.100000        3.575950       -0.950000   1.6     3.7     0.223435    0.27708
--------------------------------------------------------------------------
