/home/ehsan/works/cent3_double_chi/chi_from_qat/MgO_4_atom_compressed/000
 chi_2 and hardness_2, chi_var_1, chi_var_2
 -1.490584E-02 -1.490584E-02 -3.142334E-02 -3.142334E-02  0.000000E+00  0.000000E+00  0.000000E+00  0.000000E+00  9.367507E-17  4.163336E-17
         qat_1         qat_2         q_tot         q_inp
  3.661638E-01  4.561322E-01  8.222960E-01  8.222960E-01
  3.661638E-01  4.561322E-01  8.222960E-01  8.222960E-01
 -8.295629E-01  7.266858E-03 -8.222960E-01 -8.222960E-01
 -8.295629E-01  7.266858E-03 -8.222960E-01 -8.222960E-01
4       x               y               z               q       gw_1    gw_2    hardness_1  chi_1       
Mg    3.00000000   3.00000000   3.000000000        0.822296     1.0     2.1     0.143322    -0.13781
Mg    3.00000000   5.10850000   5.108500000        0.822296     1.0     2.1     0.143322    -0.13781
O     3.00000000   5.10850000   3.000000000       -0.822296     1.6     3.2     0.223435     0.27708 
O     3.00000000   3.00000000   5.108500000       -0.822296     1.6     3.2     0.223435     0.27708
--------------------------------------------------------------------------
/home/ehsan/works/cent3_double_chi/chi_from_qat/MgO_4_atom_compressed/001
 chi_2 and hardness_2, chi_var_1, chi_var_2
 -1.475348E-02 -1.475348E-02 -3.259555E-02 -3.259550E-02  0.000000E+00  0.000000E+00  0.000000E+00  0.000000E+00  4.510281E-17  2.653910E-08
         qat_1         qat_2         q_tot         q_inp
  3.703658E-01  4.560192E-01  8.263850E-01  8.263850E-01
  3.703658E-01  4.560192E-01  8.263850E-01  8.263850E-01
 -8.332708E-01  6.886776E-03 -8.263840E-01 -8.263840E-01
 -8.332704E-01  6.884435E-03 -8.263860E-01 -8.263860E-01
4       x               y               z               q       gw_1    gw_2    hardness_1  chi_1       
Mg    2.970000      2.9700000       2.9700000    0.826385       1.0     2.1     0.143322    -0.13781
Mg    2.970000      5.0574150       5.0574150    0.826385       1.0     2.1     0.143322    -0.13781
O     2.970000      5.0574150       2.9700000   -0.826384       1.6     3.2     0.223435    0.27708 
O     2.970000      2.9700000       5.0574150   -0.826386       1.6     3.2     0.223435    0.27708
--------------------------------------------------------------------------
/home/ehsan/works/cent3_double_chi/chi_from_qat/MgO_4_atom_compressed/002
 chi_2 and hardness_2, chi_var_1, chi_var_2
 -1.462765E-02 -1.462765E-02 -3.377461E-02 -3.377461E-02  0.000000E+00  0.000000E+00  0.000000E+00  0.000000E+00  7.285839E-17  4.906539E-18
         qat_1         qat_2         q_tot         q_inp
  3.744505E-01  4.562415E-01  8.306920E-01  8.306920E-01
  3.744505E-01  4.562415E-01  8.306920E-01  8.306920E-01
 -8.369539E-01  6.261891E-03 -8.306920E-01 -8.306920E-01
 -8.369539E-01  6.261891E-03 -8.306920E-01 -8.306920E-01
4       x               y               z               q       gw_1    gw_2    hardness_1  chi_1       
Mg   2.9400000      2.94000000       2.9400000        0.830692  1.0     2.1     0.143322    -0.13781
Mg   2.9400000      5.00633000       5.0063300        0.830692  1.0     2.1     0.143322    -0.13781
O    2.9400000      5.00633000       2.9400000       -0.830692  1.6     3.2     0.223435    0.27708 
O    2.9400000      2.94000000       5.0063300       -0.830692  1.6     3.2     0.223435    0.27708
--------------------------------------------------------------------------
/home/ehsan/works/cent3_double_chi/chi_from_qat/MgO_4_atom_compressed/003
 chi_2 and hardness_2, chi_var_1, chi_var_2
 -1.451417E-02 -1.451417E-02 -3.495964E-02 -3.495961E-02  0.000000E+00  0.000000E+00  0.000000E+00  0.000000E+00  2.775558E-17  1.284584E-08
         qat_1         qat_2         q_tot         q_inp
  3.784955E-01  4.565715E-01  8.350670E-01  8.350670E-01
  3.784955E-01  4.565715E-01  8.350670E-01  8.350670E-01
 -8.406446E-01  5.577568E-03 -8.350670E-01 -8.350670E-01
 -8.406444E-01  5.576402E-03 -8.350680E-01 -8.350680E-01
4       x               y               z               q       gw_1    gw_2    hardness_1  chi_1       
Mg   2.910000000    2.9100000000      2.91000000   0.835067     1.0     2.1     0.143322    -0.13781
Mg   2.910000000    4.9552450000      4.95524500   0.835067     1.0     2.1     0.143322    -0.13781
O    2.910000000    4.9552450000      2.91000000  -0.835067     1.6     3.2     0.223435    0.27708 
O    2.910000000    2.9100000000      4.95524500  -0.835068     1.6     3.2     0.223435    0.27708
--------------------------------------------------------------------------
/home/ehsan/works/cent3_double_chi/chi_from_qat/MgO_4_atom_compressed/004
 chi_2 and hardness_2, chi_var_1, chi_var_2
 -1.441190E-02 -1.441190E-02 -3.615022E-02 -3.615022E-02  0.000000E+00  0.000000E+00  0.000000E+00  0.000000E+00  6.938894E-17  6.938894E-18
         qat_1         qat_2         q_tot         q_inp
  3.825048E-01  4.569862E-01  8.394910E-01  8.394910E-01
  3.825048E-01  4.569862E-01  8.394910E-01  8.394910E-01
 -8.443444E-01  4.853359E-03 -8.394910E-01 -8.394910E-01
 -8.443444E-01  4.853359E-03 -8.394910E-01 -8.394910E-01
4       x               y               z               q       gw_1    gw_2    hardness_1  chi_1       
Mg  2.8800000000   2.8800000000   2.8800000000        0.839491  1.0     2.1     0.143322    -0.13781
Mg  2.8800000000   4.9041600000   4.9041600000        0.839491  1.0     2.1     0.143322    -0.13781
O   2.8800000000   4.9041600000   2.8800000000       -0.839491  1.6     3.2     0.223435    0.27708 
O   2.8800000000   2.8800000000   4.9041600000       -0.839491  1.6     3.2     0.223435    0.27708
--------------------------------------------------------------------------
/home/ehsan/works/cent3_double_chi/chi_from_qat/MgO_4_atom_compressed/005
 chi_2 and hardness_2, chi_var_1, chi_var_2
 -1.432976E-02 -1.432976E-02 -3.734506E-02 -3.734506E-02  0.000000E+00  0.000000E+00  0.000000E+00  0.000000E+00  6.938894E-18  1.387779E-17
         qat_1         qat_2         q_tot         q_inp
  3.864207E-01  4.576363E-01  8.440570E-01  8.440570E-01
  3.864207E-01  4.576363E-01  8.440570E-01  8.440570E-01
 -8.480233E-01  3.966338E-03 -8.440570E-01 -8.440570E-01
 -8.480233E-01  3.966338E-03 -8.440570E-01 -8.440570E-01
4       x               y               z               q       gw_1    gw_2    hardness_1  chi_1       
Mg   2.8500000000   2.85000000000  2.8500000000       0.844057  1.0     2.1     0.143322    -0.13781
Mg   2.8500000000   4.85307500000  4.8530750000       0.844057  1.0     2.1     0.143322    -0.13781
O    2.8500000000   4.85307500000  2.8500000000      -0.844057  1.6     3.2     0.223435    0.27708 
O    2.8500000000   2.85000000000  4.8530750000      -0.844057  1.6     3.2     0.223435    0.27708
--------------------------------------------------------------------------
/home/ehsan/works/cent3_double_chi/chi_from_qat/MgO_4_atom_compressed/007
 chi_2 and hardness_2, chi_var_1, chi_var_2
 -1.421954E-02 -1.421954E-02 -3.974409E-02 -3.974409E-02  0.000000E+00  0.000000E+00  0.000000E+00  0.000000E+00  8.326673E-17  0.000000E+00
         qat_1         qat_2         q_tot         q_inp
  3.939918E-01  4.595372E-01  8.535290E-01  8.535290E-01
  3.939918E-01  4.595372E-01  8.535290E-01  8.535290E-01
 -8.553189E-01  1.789919E-03 -8.535290E-01 -8.535290E-01
 -8.553189E-01  1.789919E-03 -8.535290E-01 -8.535290E-01
4       x               y               z               q       gw_1    gw_2    hardness_1  chi_1       
Mg 2.790000000   2.790000000   2.7900000000           0.853529   1.0     2.1     0.143322   -0.13781
Mg 2.790000000   4.750905000   4.7509050000           0.853529   1.0     2.1     0.143322   -0.13781
O  2.790000000   4.750905000   2.7900000000          -0.853529   1.6     3.2     0.223435    0.27708 
O  2.790000000   2.790000000   4.7509050000          -0.853529   1.6     3.2     0.223435    0.27708
--------------------------------------------------------------------------
/home/ehsan/works/cent3_double_chi/chi_from_qat/MgO_4_atom_compressed/010
 chi_2 and hardness_2, chi_var_1, chi_var_2
 -1.419473E-02 -1.419473E-02 -4.335001E-02 -4.335001E-02  0.000000E+00  0.000000E+00  0.000000E+00  0.000000E+00  2.775558E-17  2.081668E-17
         qat_1         qat_2         q_tot         q_inp
  4.045887E-01  4.639883E-01  8.685770E-01  8.685770E-01
  4.045887E-01  4.639883E-01  8.685770E-01  8.685770E-01
 -8.660134E-01 -2.563588E-03 -8.685770E-01 -8.685770E-01
 -8.660134E-01 -2.563588E-03 -8.685770E-01 -8.685770E-01
4       x               y               z               q       gw_1    gw_2    hardness_1  chi_1       
Mg  2.70000000000   2.70000000000   2.70000000000   0.868577    1.0     2.1     0.143322    -0.13781
Mg  2.70000000000   4.59765000000   4.59765000000   0.868577    1.0     2.1     0.143322    -0.13781
O   2.70000000000   4.59765000000   2.70000000000  -0.868577    1.6     3.2     0.223435    0.27708 
O   2.70000000000   2.70000000000   4.59765000000  -0.868577    1.6     3.2     0.223435    0.27708
--------------------------------------------------------------------------
/home/ehsan/works/cent3_double_chi/chi_from_qat/MgO_4_atom_compressed/012
 chi_2 and hardness_2, chi_var_1, chi_var_2
 -1.426914E-02 -1.426914E-02 -4.574557E-02 -4.574557E-02  0.000000E+00  0.000000E+00  0.000000E+00  0.000000E+00  0.000000E+00  4.163336E-17
         qat_1         qat_2         q_tot         q_inp
  4.110986E-01  4.679914E-01  8.790900E-01  8.790900E-01
  4.110986E-01  4.679914E-01  8.790900E-01  8.790900E-01
 -8.729182E-01 -6.171795E-03 -8.790900E-01 -8.790900E-01
 -8.729182E-01 -6.171795E-03 -8.790900E-01 -8.790900E-01
4       x               y               z               q       gw_1    gw_2    hardness_1  chi_1       
Mg   2.640000000   2.640000000   2.640000000         0.879090   1.0     2.1     0.143322    -0.13781
Mg   2.640000000   4.495480000   4.495480000         0.879090   1.0     2.1     0.143322    -0.13781
O    2.640000000   4.495480000   2.640000000        -0.879090   1.6     3.2     0.223435    0.27708 
O    2.640000000   2.640000000   4.495480000        -0.879090   1.6     3.2     0.223435    0.27708
--------------------------------------------------------------------------
/home/ehsan/works/cent3_double_chi/chi_from_qat/MgO_4_atom_compressed/015
 chi_2 and hardness_2, chi_var_1, chi_var_2
 -1.448411E-02 -1.448411E-02 -4.930419E-02 -4.930419E-02  0.000000E+00  0.000000E+00  0.000000E+00  0.000000E+00  6.938894E-18  2.775558E-17
         qat_1         qat_2         q_tot         q_inp
  4.201106E-01  4.750664E-01  8.951770E-01  8.951770E-01
  4.201106E-01  4.750664E-01  8.951770E-01  8.951770E-01
 -8.829161E-01 -1.226090E-02 -8.951770E-01 -8.951770E-01
 -8.829161E-01 -1.226090E-02 -8.951770E-01 -8.951770E-01
4       x               y               z               q       gw_1    gw_2    hardness_1  chi_1       
Mg  2.550000000   2.5500000000  2.550000000       0.895177      1.0     2.1     0.143322    -0.13781
Mg  2.550000000   4.3422250000  4.342225000       0.895177      1.0     2.1     0.143322    -0.13781
O   2.550000000   4.3422250000  2.550000000      -0.895177      1.6     3.2     0.223435    0.27708 
O   2.550000000   2.5500000000  4.342225000      -0.895177      1.6     3.2     0.223435    0.27708
--------------------------------------------------------------------------
/home/ehsan/works/cent3_double_chi/chi_from_qat/MgO_4_atom_compressed/020
 chi_2 and hardness_2, chi_var_1, chi_var_2
 -1.486939E-02 -1.486939E-02 -5.508922E-02 -5.508922E-02  0.000000E+00  0.000000E+00  0.000000E+00  0.000000E+00  4.163336E-17  3.469447E-17
         qat_1         qat_2         q_tot         q_inp
  4.342137E-01  4.861213E-01  9.203350E-01  9.203350E-01
  4.342137E-01  4.861213E-01  9.203350E-01  9.203350E-01
 -8.990281E-01 -2.130692E-02 -9.203350E-01 -9.203350E-01
 -8.990281E-01 -2.130692E-02 -9.203350E-01 -9.203350E-01
4       x               y               z               q       gw_1    gw_2    hardness_1  chi_1       
Mg  2.400000000   2.4000000000  2.4000000000          0.920335  1.0     2.1     0.143322    -0.13781
Mg  2.400000000   4.0868000000  4.0868000000          0.920335  1.0     2.1     0.143322    -0.13781
O   2.400000000   4.0868000000  2.4000000000         -0.920335  1.6     3.2     0.223435    0.27708 
O   2.400000000   2.4000000000  4.0868000000         -0.920335  1.6     3.2     0.223435    0.27708
--------------------------------------------------------------------------
/home/ehsan/works/cent3_double_chi/chi_from_qat/MgO_4_atom_compressed/025
 chi_2 and hardness_2, chi_var_1, chi_var_2
 -1.480261E-02 -1.480261E-02 -6.065257E-02 -6.065257E-02  0.000000E+00  0.000000E+00  0.000000E+00  0.000000E+00  2.775558E-17  0.000000E+00
         qat_1         qat_2         q_tot         q_inp
  4.494838E-01  4.896192E-01  9.391030E-01  9.391030E-01
  4.494838E-01  4.896192E-01  9.391030E-01  9.391030E-01
 -9.155951E-01 -2.350787E-02 -9.391030E-01 -9.391030E-01
 -9.155951E-01 -2.350787E-02 -9.391030E-01 -9.391030E-01
4       x               y               z               q       gw_1    gw_2    hardness_1  chi_1       
Mg  2.250000000   2.250000000   2.250000000           0.939103   1.0     2.1     0.143322    -0.13781
Mg  2.250000000   3.831375000   3.831375000           0.939103   1.0     2.1     0.143322    -0.13781
O   2.250000000   3.831375000   2.250000000          -0.939103   1.6     3.2     0.223435    0.27708 
O   2.250000000   2.250000000   3.831375000          -0.939103   1.6     3.2     0.223435    0.27708
--------------------------------------------------------------------------
/home/ehsan/works/cent3_double_chi/chi_from_qat/MgO_4_atom_compressed/030
 chi_2 and hardness_2, chi_var_1, chi_var_2
 -1.405870E-02 -1.405870E-02 -6.594323E-02 -6.594323E-02  0.000000E+00  0.000000E+00  0.000000E+00  0.000000E+00  0.000000E+00  9.813078E-18
         qat_1         qat_2         q_tot         q_inp
  4.666057E-01  4.833943E-01  9.500000E-01  9.500000E-01
  4.666057E-01  4.833943E-01  9.500000E-01  9.500000E-01
 -9.330144E-01 -1.698555E-02 -9.500000E-01 -9.500000E-01
 -9.330144E-01 -1.698555E-02 -9.500000E-01 -9.500000E-01
4       x               y               z               q       gw_1    gw_2    hardness_1  chi_1       
Mg  2.100000        2.100000        2.100000        0.950000   1.0     2.1     0.143322    -0.13781
Mg  2.100000        3.575950        3.575950        0.950000   1.0     2.1     0.143322    -0.13781
O   2.100000        3.575950        2.100000       -0.950000   1.6     3.2     0.223435    0.27708 
O   2.100000        2.100000        3.575950       -0.950000   1.6     3.2     0.223435    0.27708
--------------------------------------------------------------------------
