 chi_2 and hardness_2, chi_var_1, chi_var_2
 -2.248676E-02 -2.248676E-02 -3.336250E-02 -3.336250E-02  0.000000E+00  0.000000E+00  0.000000E+00  0.000000E+00  7.285839E-17  1.097135E-17
         qat_1         qat_2         q_tot         q_inp
  3.388624E-01  4.918296E-01  8.306920E-01  8.306920E-01
  3.388624E-01  4.918296E-01  8.306920E-01  8.306920E-01
 -8.711645E-01  4.047247E-02 -8.306920E-01 -8.306920E-01
 -8.711645E-01  4.047247E-02 -8.306920E-01 -8.306920E-01
 ______________________________________________________________
 chi_from cent_1
 -3.090406E-01 -3.090406E-01  1.230364E-01  1.230364E-01
