 chi_2 and hardness_2, chi_var_1, chi_var_2
 -2.243823E-02 -2.243823E-02 -3.666610E-02 -3.666610E-02  0.000000E+00  0.000000E+00  0.000000E+00  0.000000E+00  1.387779E-17  1.097135E-17
         qat_1         qat_2         q_tot         q_inp
  3.475673E-01  4.964897E-01  8.440570E-01  8.440570E-01
  3.475673E-01  4.964897E-01  8.440570E-01  8.440570E-01
 -8.799610E-01  3.590400E-02 -8.440570E-01 -8.440570E-01
 -8.799610E-01  3.590400E-02 -8.440570E-01 -8.440570E-01
 ______________________________________________________________
 chi_from cent_1
 -3.154809E-01 -3.154809E-01  1.238453E-01  1.238453E-01
