 chi_2 and hardness_2, chi_var_1, chi_var_2
 -2.253810E-02 -2.253810E-02 -3.226172E-02 -3.226167E-02  0.000000E+00  0.000000E+00  0.000000E+00  0.000000E+00  5.551115E-17  2.673613E-08
         qat_1         qat_2         q_tot         q_inp
  3.357786E-01  4.906064E-01  8.263850E-01  8.263850E-01
  3.357786E-01  4.906064E-01  8.263850E-01  8.263850E-01
 -8.681702E-01  4.178624E-02 -8.263840E-01 -8.263840E-01
 -8.681699E-01  4.178389E-02 -8.263860E-01 -8.263860E-01
 ______________________________________________________________
 chi_from cent_1
 -3.069733E-01 -3.069733E-01  1.227867E-01  1.227872E-01
