 chi_2 and hardness_2, chi_var_1, chi_var_2
 -2.251989E-02 -2.251989E-02 -3.885753E-02 -3.885753E-02  0.000000E+00  0.000000E+00  0.000000E+00  0.000000E+00  1.387779E-17  1.097135E-17
         qat_1         qat_2         q_tot         q_inp
  3.527173E-01  5.008117E-01  8.535290E-01  8.535290E-01
  3.527173E-01  5.008117E-01  8.535290E-01  8.535290E-01
 -8.855532E-01  3.202418E-02 -8.535290E-01 -8.535290E-01
 -8.855532E-01  3.202418E-02 -8.535290E-01 -8.535290E-01
 ______________________________________________________________
 chi_from cent_1
 -3.200460E-01 -3.200460E-01  1.244626E-01  1.244626E-01
