-15007.270480320    -15007.270480320 
-15007.270480320    -15007.264847376 
-15007.270480320    -15007.247681764 
-15007.270480320    -15007.218332177 
-15007.270480320    -15007.176132968 
-15007.270480320    -15007.120411377 
-15007.270480320    -15007.050495514 
-15007.270480320    -15006.965713203 
-15007.270480320    -15006.865395518 
-15007.270480320    -15006.748881813 
-15007.270480320    -15006.615514328 
-15007.270480320    -15006.464641554 
-15007.270480320    -15006.295639249 
-15007.270480320    -15006.107916498 
-15007.270480320    -15005.900919966 
-15007.270480320    -15005.674139641 
-15007.270480320    -15005.427095938 
-15007.270480320    -15005.159352042 
-15007.270480320    -15004.870527027 
-15007.270480320    -15004.560292421 
-15007.270480320    -15004.228353285 
