-15007.270480320    -15007.270480320 
-15007.270480320    -15007.265222764 
-15007.270480320    -15007.249711799 
-15007.270480320    -15007.224583158 
-15007.270480320    -15007.190459022 
-15007.270480320    -15007.147942510 
-15007.270480320    -15007.097621453 
-15007.270480320    -15007.040068611 
-15007.270480320    -15006.975834049 
-15007.270480320    -15006.905443916 
-15007.270480320    -15006.829399882 
-15007.270480320    -15006.748189228 
-15007.270480320    -15006.662282380 
-15007.270480320    -15006.572128591 
-15007.270480320    -15006.478153396 
-15007.270480320    -15006.380760670 
-15007.270480320    -15006.280301591 
-15007.270480320    -15006.176677907 
-15007.270480320    -15006.069372114 
-15007.270480320    -15005.959939850 
-15007.270480320    -15005.850059147 
