 chi_2 and hardness_2, chi_var_1, chi_var_2
 -2.377141E-02 -2.377141E-02 -4.731993E-02 -4.731993E-02  0.000000E+00  0.000000E+00  0.000000E+00  0.000000E+00  2.081668E-17  6.938894E-18
         qat_1         qat_2         q_tot         q_inp
  3.671394E-01  5.280376E-01  8.951770E-01  8.951770E-01
  3.671394E-01  5.280376E-01  8.951770E-01  8.951770E-01
 -9.046906E-01  9.513597E-03 -8.951770E-01 -8.951770E-01
 -9.046906E-01  9.513597E-03 -8.951770E-01 -8.951770E-01
 ______________________________________________________________
 chi_from cent_1
 -3.402189E-01 -3.402189E-01  1.274398E-01  1.274398E-01
