 chi_2 and hardness_2, chi_var_1, chi_var_2
 -2.564036E-02 -2.564036E-02 -6.095316E-02 -6.095316E-02  0.000000E+00  0.000000E+00  0.000000E+00  0.000000E+00  2.775558E-17  7.294095E-17
         qat_1         qat_2         q_tot         q_inp
  3.871456E-01  5.628544E-01  9.500000E-01  9.500000E-01
  3.871456E-01  5.628544E-01  9.500000E-01  9.500000E-01
 -9.331408E-01 -1.685917E-02 -9.500000E-01 -9.500000E-01
 -9.331408E-01 -1.685917E-02 -9.500000E-01 -9.500000E-01
 ______________________________________________________________
 chi_from cent_1
 -3.709281E-01 -3.709281E-01  1.297807E-01  1.297807E-01
