 chi_2 and hardness_2, chi_var_1, chi_var_2
 -2.282426E-02 -2.282426E-02 -4.210338E-02 -4.210338E-02  0.000000E+00  0.000000E+00  0.000000E+00  0.000000E+00  1.040834E-17  3.141718E-17
         qat_1         qat_2         q_tot         q_inp
  3.592999E-01  5.092771E-01  8.685770E-01  8.685770E-01
  3.592999E-01  5.092771E-01  8.685770E-01  8.685770E-01
 -8.933898E-01  2.481280E-02 -8.685770E-01 -8.685770E-01
 -8.933898E-01  2.481280E-02 -8.685770E-01 -8.685770E-01
 ______________________________________________________________
 chi_from cent_1
 -3.273022E-01 -3.273022E-01  1.255038E-01  1.255038E-01
