 chi_2 and hardness_2, chi_var_1, chi_var_2
 -2.491139E-02 -2.491139E-02 -5.220669E-02 -5.220669E-02  0.000000E+00  0.000000E+00  0.000000E+00  0.000000E+00  1.387779E-17  0.000000E+00
         qat_1         qat_2         q_tot         q_inp
  3.726316E-01  5.477034E-01  9.203350E-01  9.203350E-01
  3.726316E-01  5.477034E-01  9.203350E-01  9.203350E-01
 -9.142316E-01 -6.103405E-03 -9.203350E-01 -9.203350E-01
 -9.142316E-01 -6.103405E-03 -9.203350E-01 -9.203350E-01
 ______________________________________________________________
 chi_from cent_1
 -3.528845E-01 -3.528845E-01  1.291568E-01  1.291568E-01
